%YAML:1.0
---
# Ear tracker type: 0 (ET_32)
TrackerType: 0
ImageSize: [ 4096, 4096 ]
# Ear feature points in image space. Invalid points have zero coordinates
Point2f: !!opencv-matrix
   rows: 1
   cols: 32
   dt: "2f"
   data: [ 9.30549072e+02, 1.18917761e+03, 8.40637024e+02,
       1.12410608e+03, 7.46262207e+02, 1.14892151e+03, 7.02823486e+02,
       1.23525012e+03, 7.03556030e+02, 1.32810779e+03, 7.28022705e+02,
       1.41615857e+03, 7.69813660e+02, 1.49498853e+03, 8.29902161e+02,
       1.55768420e+03, 8.91089722e+02, 1.59068958e+03, 9.81675171e+02,
       1.55141907e+03, 9.36995361e+02, 1.45847681e+03, 8.86040649e+02,
       1.42149194e+03, 8.08336182e+02, 1.37608826e+03, 8.38260986e+02,
       1.30195935e+03, 8.84532227e+02, 1.28109082e+03, 9.26269165e+02,
       1.35148413e+03, 3.00875830e+03, 1.22258887e+03, 3.07641870e+03,
       1151., 3.15905566e+03, 1151., 3.19707275e+03, 1.22425378e+03,
       3.20098242e+03, 1.31689404e+03, 3.19521973e+03, 1.41010254e+03,
       3.18021460e+03, 1.49354614e+03, 3.15488843e+03, 1.56748413e+03,
       3.11917603e+03, 1.62465430e+03, 3.03402417e+03, 1.62332983e+03,
       3.04197412e+03, 1.50074536e+03, 3.07512646e+03, 1.44899475e+03,
       3.14023560e+03, 1.38289014e+03, 3.10464795e+03, 1.31113330e+03,
       3.05744873e+03, 1.30004639e+03, 3.03287646e+03, 1.38300391e+03 ]
# Ear feature points in 3d object space. Invalid points have zero coordinates
Point3f: !!opencv-matrix
   rows: 1
   cols: 32
   dt: "3f"
   data: [ -7.49829102e+01, 3.62673759e+01, -6.45140457e+00,
       -7.88544388e+01, 4.62398300e+01, -1.72773914e+01, -7.83213577e+01,
       4.45479164e+01, -3.03426781e+01, -7.68997116e+01, 3.39506760e+01,
       -3.74237480e+01, -7.71929016e+01, 2.18055172e+01, -3.89610443e+01,
       -7.65234299e+01, 9.79843330e+00, -3.64228592e+01, -7.51976700e+01,
       -1.30185652e+00, -3.12949791e+01, -7.53328934e+01,
       -1.04546776e+01, -2.45742607e+01, -7.55128937e+01,
       -1.56880846e+01, -1.76561470e+01, -6.78267899e+01,
       -1.19146729e+01, -5.90593910e+00, -7.23210754e+01, 8.93028915e-01,
       -9.67320442e+00, -7.20753403e+01, 6.43641806e+00, -1.48109694e+01,
       -8.33984375e+01, 1.39811783e+01, -2.71413021e+01, -7.27632523e+01,
       2.27877235e+01, -1.86736279e+01, -6.88340988e+01, 2.47438011e+01,
       -1.20294361e+01, -6.70889587e+01, 1.49450302e+01, -8.37491131e+00,
       8.56155396e+01, 2.95610008e+01, 1.20240574e+01, 9.23878784e+01,
       4.00203476e+01, 4.28295994e+00, 9.69986191e+01, 4.15320969e+01,
       -8.02931213e+00, 1.01473312e+02, 3.27607002e+01, -1.58365507e+01,
       1.04059425e+02, 2.07786636e+01, -1.84671135e+01, 1.01646790e+02,
       8.40936565e+00, -1.85585613e+01, 9.65936966e+01, -2.90698552e+00,
       -1.66618366e+01, 9.22889252e+01, -1.31164446e+01, -1.34972162e+01,
       8.74305649e+01, -2.12627506e+01, -8.99651051e+00, 7.61805573e+01,
       -2.24033165e+01, 1.72542059e+00, 8.30218582e+01, -6.28763390e+00,
       3.08330655e+00, 8.47090225e+01, 9.99950171e-01, -2.86561698e-01,
       8.20385208e+01, 1.06508007e+01, -7.37561703e+00, 8.42542267e+01,
       1.95047226e+01, -1.85989618e+00, 8.32192612e+01, 2.02144051e+01,
       4.35383558e+00, 8.19821396e+01, 8.98522568e+00, 6.06625700e+00 ]
