%YAML:1.0
---
# Face tracker type: 0(Unknown) 1(ASM) 2(MT)
TrackerType: 1
ImageSize: [ 4096, 4096 ]
# Face feature points in image space. Invalid points have zero coordinates
Point2f: !!opencv-matrix
   rows: 1
   cols: 77
   dt: "2f"
   data: [ 1.47200012e+03, 1.20428943e+03, 1.47200012e+03,
       1.39500549e+03, 1.48480005e+03, 1.55467480e+03, 1.52106677e+03,
       1.73652051e+03, 1.65333337e+03, 1.94941284e+03, 1.87733337e+03,
       2.04698865e+03, 2048., 2.07360010e+03, 2.21866675e+03,
       2.05142383e+03, 2.44266675e+03, 1.94941284e+03, 2.57493335e+03,
       1.70547363e+03, 2.61120020e+03, 1.53249854e+03, 2.62400024e+03,
       1.37282922e+03, 2.62400024e+03, 1.18654846e+03, 2.28693335e+03,
       6.63187866e+02, 2.03520007e+03, 6.14400024e+02, 1.78773340e+03,
       6.67623169e+02, 1.83893347e+03, 1.00693341e+03, 1.73653345e+03,
       1.01120007e+03, 1.64693347e+03, 1.07520007e+03, 1.74080005e+03,
       1.05813342e+03, 1.83466675e+03, 1.05813342e+03, 1.93706677e+03,
       1.06240002e+03, 2.16320020e+03, 1.05813342e+03, 2.26133350e+03,
       1.00693341e+03, 2.36373340e+03, 1.00693341e+03, 2.46186670e+03,
       1.06240002e+03, 2.36373340e+03, 1.05386670e+03, 2.26560010e+03,
       1.05386670e+03, 2304., 1.09653345e+03, 1.80480005e+03,
       1.10080005e+03, 1.89866675e+03, 1.17333337e+03, 1.85173340e+03,
       1.13920007e+03, 1.80480005e+03, 1.12640002e+03, 1.76213342e+03,
       1.14346667e+03, 1.71946680e+03, 1.17760010e+03, 1.76213342e+03,
       1.19893335e+03, 1.80906677e+03, 1.20746667e+03, 1.85173340e+03,
       1.19893335e+03, 1.80480005e+03, 1.16480005e+03, 2.29973340e+03,
       1.16053345e+03, 2.21013354e+03, 1.17333337e+03, 2.25706689e+03,
       1.13493335e+03, 2304., 1.12213342e+03, 2.35093335e+03,
       1.13493335e+03, 2.39360010e+03, 1.17333337e+03, 2.34666675e+03,
       1.19466675e+03, 2304., 1.20320007e+03, 2.25706689e+03,
       1.19466675e+03, 2.12906689e+03, 1.32693335e+03, 2.05226685e+03,
       1.32693335e+03, 1.97546680e+03, 1.32266675e+03, 1.97973340e+03,
       1.45066675e+03, 2.04373340e+03, 1.39520007e+03, 2.11626685e+03,
       1.45493335e+03, 2.20160010e+03, 1.44640002e+03, 2.14613354e+03,
       1.50186670e+03, 2048., 1.50613342e+03, 1.95840015e+03,
       1.49760010e+03, 1.91146680e+03, 1.44640002e+03, 1.89013342e+03,
       1.69386670e+03, 1.94560010e+03, 1.63413342e+03, 2.00533350e+03,
       1.61280005e+03, 2048., 1.61280005e+03, 2.09066675e+03,
       1.61280005e+03, 2.15466675e+03, 1.63840015e+03, 2.21866675e+03,
       1.70240015e+03, 2.12053345e+03, 1.65973340e+03, 2048.,
       1.65120007e+03, 1.97546680e+03, 1.65546680e+03, 1.97546680e+03,
       1.67253345e+03, 2.04373340e+03, 1.67680005e+03, 2.12053345e+03,
       1.67680005e+03, 2.16320020e+03, 1.72800012e+03, 2.10773340e+03,
       1.72373340e+03, 2.04373340e+03, 1.72373340e+03, 1.98400012e+03,
       1.71946680e+03, 1.93706677e+03, 1.71520007e+03 ]
# Face feature points in 3d object space. Invalid points have zero coordinates
Point3f: !!opencv-matrix
   rows: 1
   cols: 77
   dt: "3f"
   data: [ -5.64344177e+01, 2.97123814e+01, 5.48436127e+01,
       -5.97339783e+01, 5.34310389e+00, 5.48446884e+01, -5.88343430e+01,
       -1.49167814e+01, 5.36866570e+01, -5.56328163e+01, -3.82364044e+01,
       5.43701668e+01, -4.24546127e+01, -6.58577271e+01, 5.77790031e+01,
       -2.21109104e+01, -8.02298889e+01, 7.32877426e+01, 2.81756396e-09,
       -8.49228516e+01, 8.38152695e+01, 2.33170071e+01, -8.13367615e+01,
       7.76868515e+01, 5.01972427e+01, -6.61957550e+01, 6.05320740e+01,
       6.59504471e+01, -3.41397171e+01, 5.33145523e+01, 7.00392075e+01,
       -1.20485401e+01, 5.34047050e+01, 7.08068008e+01, 8.24563503e+00,
       5.42834663e+01, 6.78982468e+01, 3.19592285e+01, 5.50068779e+01,
       3.22038689e+01, 9.99638290e+01, 9.67980118e+01, -1.55872512e+00,
       1.06105576e+02, 9.29992371e+01, -3.19512749e+01, 9.83779449e+01,
       8.83794479e+01, -2.80527611e+01, 4.85034180e+01, 9.10424194e+01,
       -4.00082741e+01, 4.88209190e+01, 8.38409958e+01, -4.88668823e+01,
       4.14360428e+01, 7.47520142e+01, -3.99829445e+01, 4.25327301e+01,
       8.42826080e+01, -2.85373936e+01, 4.18505630e+01, 8.98384018e+01,
       -1.50111408e+01, 4.08911552e+01, 9.30365372e+01, 1.60537167e+01,
       4.11401405e+01, 9.56243210e+01, 2.99710159e+01, 4.80355568e+01,
       9.48528290e+01, 4.37770767e+01, 4.86552925e+01, 8.98055344e+01,
       5.55289230e+01, 4.23503265e+01, 8.11525497e+01, 4.42240677e+01,
       4.24103737e+01, 8.98947067e+01, 3.06268692e+01, 4.18906822e+01,
       9.41272736e+01, 3.52566261e+01, 3.66980095e+01, 9.02621841e+01,
       -3.18984585e+01, 3.65805168e+01, 8.66035156e+01, -1.81070614e+01,
       2.75576344e+01, 8.16237946e+01, -2.48828030e+01, 3.17220058e+01,
       8.46325150e+01, -3.13845558e+01, 3.33906898e+01, 8.48889694e+01,
       -3.63665199e+01, 3.14792938e+01, 8.19936447e+01, -4.00662422e+01,
       2.76089401e+01, 7.65903625e+01, -3.50884895e+01, 2.45534191e+01,
       7.83975601e+01, -2.93360023e+01, 2.32415714e+01, 7.98505173e+01,
       -2.39071827e+01, 2.42886219e+01, 8.05541687e+01, -3.04733791e+01,
       2.86496410e+01, 8.19613342e+01, 3.21942024e+01, 2.90462570e+01,
       8.33467484e+01, 1.98276482e+01, 2.75071087e+01, 8.20353088e+01,
       2.68706303e+01, 3.21879120e+01, 8.54536133e+01, 3.43955879e+01,
       3.36015015e+01, 8.77876511e+01, 4.06202431e+01, 3.21715202e+01,
       8.55870895e+01, 4.47456207e+01, 2.77177200e+01, 8.03200073e+01,
       3.82402802e+01, 2.47799110e+01, 8.11685410e+01, 3.21721954e+01,
       2.36478271e+01, 8.11574478e+01, 2.55529480e+01, 2.48550510e+01,
       8.05565567e+01, 1.25832949e+01, 4.65440321e+00, 1.01994080e+02,
       7.29891300e-01, 3.33199835e+00, 1.12764214e+02, -1.02696552e+01,
       6.27888489e+00, 9.33793106e+01, -1.09692173e+01, -1.19872437e+01,
       1.03677048e+02, -7.73219228e-01, -6.40767670e+00, 1.18237885e+02,
       1.16821012e+01, -1.33721447e+01, 1.10340569e+02, 2.19695435e+01,
       -9.86225605e+00, 9.09860306e+01, 1.51616392e+01, -1.81496735e+01,
       9.84788132e+01, 1.08451744e-07, -1.96589680e+01, 1.06155449e+02,
       -1.31600351e+01, -1.70048695e+01, 9.37707825e+01, -1.85789890e+01,
       -9.36229229e+00, 8.69141464e+01, -2.28149967e+01, -4.23481750e+01,
       8.78578720e+01, -1.56012096e+01, -3.52799339e+01, 9.49100571e+01,
       -6.75156498e+00, -3.30376434e+01, 9.97260361e+01, 2.50301497e-07,
       -3.32035103e+01, 1.01076935e+02, 6.81631422e+00, -3.31580353e+01,
       1.00706566e+02, 1.65778732e+01, -3.60708313e+01, 9.67358246e+01,
       2.52245045e+01, -4.36811333e+01, 8.94827118e+01, 1.13933334e+01,
       -3.90530739e+01, 9.79462051e+01, -7.61960735e-08, -3.81539307e+01,
       9.98545227e+01, -1.12112350e+01, -3.82961388e+01, 9.63970642e+01,
       -1.11013107e+01, -4.04094620e+01, 9.51463013e+01, -6.69416070e-01,
       -4.13231468e+01, 9.79720612e+01, 1.12945118e+01, -4.11785126e+01,
       9.67941055e+01, 1.74354744e+01, -4.74570694e+01, 9.25416489e+01,
       9.27826405e+00, -4.73057060e+01, 9.59244995e+01, -6.62675083e-01,
       -4.73390045e+01, 9.61956787e+01, -9.74486446e+00, -4.64995956e+01,
       9.39748764e+01, -1.62981968e+01, -4.54426727e+01, 8.99825516e+01 ]
