%YAML:1.0
---
# Ear tracker type: 0 (ET_32)
TrackerType: 0
ImageSize: [ 4096, 4096 ]
# Ear feature points in image space. Invalid points have zero coordinates
Point2f: !!opencv-matrix
   rows: 1
   cols: 32
   dt: "2f"
   data: [ 9.39982056e+02, 1.19154834e+03, 8.60491455e+02,
       1.14916907e+03, 7.87207703e+02, 1.17451514e+03, 7.61235596e+02,
       1.24769958e+03, 7.69327148e+02, 1.32592664e+03, 7.90144043e+02,
       1.39751489e+03, 8.20992188e+02, 1.46448071e+03, 8.68617493e+02,
       1.51557019e+03, 9.25098633e+02, 1.54274756e+03, 9.97953369e+02,
       1.50884595e+03, 9.68409729e+02, 1.43130151e+03, 9.19073608e+02,
       1.41367334e+03, 8.53661682e+02, 1.37180542e+03, 8.78274719e+02,
       1.29994763e+03, 9.14799805e+02, 1.27450659e+03, 9.50466797e+02,
       1.31610071e+03, 3.06758057e+03, 1.18138904e+03, 3.14458447e+03,
       1.13452454e+03, 3.21769971e+03, 1.15799670e+03, 3.24680591e+03,
       1.23011230e+03, 3.24111987e+03, 1.31005273e+03, 3.22316113e+03,
       1.38215686e+03, 3.19320728e+03, 1.44434607e+03, 3.14984619e+03,
       1.49604163e+03, 3.10018799e+03, 1.52899463e+03, 3.02878540e+03,
       1.50818408e+03, 3.05470435e+03, 1.42403613e+03, 3.10321704e+03,
       1.39828943e+03, 3.16520044e+03, 1.35905151e+03, 3.14038745e+03,
       1.28923218e+03, 3.10100635e+03, 1.26346899e+03, 3.06585815e+03,
       1.31359668e+03 ]
# Ear feature points in 3d object space. Invalid points have zero coordinates
Point3f: !!opencv-matrix
   rows: 1
   cols: 32
   dt: "3f"
   data: [ -8.63181076e+01, 3.74690971e+01, -6.67023039e+00,
       -9.10974350e+01, 4.44957237e+01, -1.80523911e+01, -8.96988373e+01,
       4.24896965e+01, -2.91335640e+01, -9.04497299e+01, 3.34586678e+01,
       -3.47513390e+01, -9.18091660e+01, 2.31297722e+01, -3.52537689e+01,
       -8.96455002e+01, 1.32507629e+01, -3.22383995e+01, -8.88791351e+01,
       3.87818885e+00, -2.83473721e+01, -8.55217819e+01, -3.76117325e+00,
       -2.13973045e+01, -7.81815491e+01, -8.39309311e+00,
       -1.30732841e+01, -7.50900269e+01, -5.04783630e+00,
       -3.64414787e+00, -7.57736588e+01, 5.52265167e+00, -5.84780216e+00,
       -7.93509369e+01, 8.61007309e+00, -1.19229555e+01, -8.52641068e+01,
       1.52972021e+01, -2.10933952e+01, -8.34799271e+01, 2.42342243e+01,
       -1.61451836e+01, -8.04282455e+01, 2.69078255e+01, -1.03983212e+01,
       -7.57455597e+01, 2.08533726e+01, -6.08436680e+00, 8.27280960e+01,
       3.73667831e+01, 5.15314722e+00, 8.92141266e+01, 4.47831192e+01,
       -4.55085754e+00, 9.72787247e+01, 4.31907768e+01, -1.69741764e+01,
       9.83355408e+01, 3.43523712e+01, -2.30043011e+01, 9.70596619e+01,
       2.37384739e+01, -2.30390873e+01, 8.70851974e+01, 1.36700153e+01,
       -1.90389824e+01, 9.53281784e+01, 5.21164656e+00, -1.74261761e+01,
       9.12455368e+01, -2.40394354e+00, -1.13255253e+01, 8.19633179e+01,
       -7.61800480e+00, -4.50830650e+00, 7.29095154e+01, -5.91694450e+00,
       4.15011692e+00, 7.63131332e+01, 5.43716335e+00, 2.70794582e+00,
       7.72912903e+01, 9.50442028e+00, -2.56480861e+00, 7.61847153e+01,
       1.55239325e+01, -9.14306736e+00, 8.00673981e+01, 2.43509235e+01,
       -5.50383186e+00, 8.06501007e+01, 2.71323242e+01, -2.86450297e-01,
       7.74265671e+01, 2.00464420e+01, 3.19638133e+00 ]
