%YAML:1.0
---
# Face tracker type: 0(Unknown) 1(ASM) 2(MT)
TrackerType: 1
ImageSize: [ 4096, 4096 ]
# Face feature points in image space. Invalid points have zero coordinates
Point2f: !!opencv-matrix
   rows: 1
   cols: 77
   dt: "2f"
   data: [ 1.48764453e+03, 1.21699646e+03, 1.48551111e+03,
       1.37427563e+03, 1.48977783e+03, 1.51407910e+03, 1.51751111e+03,
       1.69757141e+03, 1.64764453e+03, 1.92912109e+03, 1.87306677e+03,
       2.05581812e+03, 2.04373340e+03, 2.08640015e+03, 2.21013354e+03,
       2.06455591e+03, 2.41137769e+03, 1.94659656e+03, 2.54151099e+03,
       1.70194019e+03, 2.56924438e+03, 1.50971021e+03, 2.57351099e+03,
       1.36116895e+03, 2.57137769e+03, 1.20825879e+03, 2.28693335e+03,
       6.79626404e+02, 2.03520007e+03, 6.27200012e+02, 1.78346680e+03,
       6.83995239e+02, 1.79626672e+03, 1.02826672e+03, 1.70240015e+03,
       1.03253345e+03, 1.63413342e+03, 1.09653345e+03, 1.71093347e+03,
       1.08373340e+03, 1.79626672e+03, 1.07520007e+03, 1.89013342e+03,
       1.06666675e+03, 2.13333350e+03, 1.06666675e+03, 2.21866675e+03,
       1.02826672e+03, 2304., 1.03253345e+03, 2.38933350e+03,
       1.08373340e+03, 2.29973340e+03, 1.08373340e+03, 2.21866675e+03,
       1.07520007e+03, 2.27413354e+03, 1.13493335e+03, 1.77493347e+03,
       1.13493335e+03, 1.86026672e+03, 1.19466675e+03, 1.81333337e+03,
       1.16906677e+03, 1.77066675e+03, 1.15626672e+03, 1.73226672e+03,
       1.16906677e+03, 1.69386670e+03, 1.20320007e+03, 1.73653345e+03,
       1.21600012e+03, 1.77493347e+03, 1.22453345e+03, 1.81760010e+03,
       1.21600012e+03, 1.77493347e+03, 1.18613342e+03, 2.27413354e+03,
       1.18613342e+03, 2.18453345e+03, 1.19466675e+03, 2.23146680e+03,
       1.16480005e+03, 2.27413354e+03, 1.15626672e+03, 2.31253345e+03,
       1.16906677e+03, 2.35093335e+03, 1.19893335e+03, 2.31253345e+03,
       1.21600012e+03, 2.26986670e+03, 1.22453345e+03, 2.22720020e+03,
       1.21600012e+03, 2.09920020e+03, 1.33120007e+03, 2.02666675e+03,
       1.33120007e+03, 1.94986682e+03, 1.33120007e+03, 1.95840015e+03,
       1.45920007e+03, 2.02666675e+03, 1.40373340e+03, 2.10346680e+03,
       1.45920007e+03, 2.18026685e+03, 1.44640002e+03, 2.12906689e+03,
       1.50186670e+03, 2.03520007e+03, 1.50613342e+03, 1.93706677e+03,
       1.50186670e+03, 1.88586682e+03, 1.44640002e+03, 1.89866675e+03,
       1.69813342e+03, 1.94560010e+03, 1.62986670e+03, 2.00106677e+03,
       1.60853345e+03, 2.03946680e+03, 1.60853345e+03, 2.07786670e+03,
       1.60853345e+03, 2.13760010e+03, 1.63413342e+03, 2.18880005e+03,
       1.70240015e+03, 2.10773340e+03, 1.65973340e+03, 2.03946680e+03,
       1.65120007e+03, 1.97546680e+03, 1.65546680e+03, 1.97546680e+03,
       1.67680005e+03, 2.03946680e+03, 1.68533337e+03, 2.10773340e+03,
       1.68106677e+03, 2.14613354e+03, 1.72800012e+03, 2.09493335e+03,
       1.72800012e+03, 2.03946680e+03, 1.72800012e+03, 1.98400012e+03,
       1.72373340e+03, 1.93706677e+03, 1.71946680e+03 ]
# Face feature points in 3d object space. Invalid points have zero coordinates
Point3f: !!opencv-matrix
   rows: 1
   cols: 77
   dt: "3f"
   data: [ -5.97333946e+01, 2.81122284e+01, 5.69307938e+01,
       -6.07873764e+01, 7.89902353e+00, 5.53925438e+01, -5.76372337e+01,
       -9.79215908e+00, 5.17765121e+01, -5.39198761e+01, -3.33184128e+01,
       4.95273285e+01, -4.21142883e+01, -6.39964371e+01, 5.47530327e+01,
       -2.22952385e+01, -8.24951172e+01, 7.15603104e+01, -5.86229265e-01,
       -8.74376373e+01, 7.95047226e+01, 2.15137978e+01, -8.40541458e+01,
       7.50263977e+01, 4.21060448e+01, -6.65579224e+01, 5.71522675e+01,
       5.52417412e+01, -3.42119789e+01, 5.21892548e+01, 6.08973694e+01,
       -9.68586540e+00, 5.55264244e+01, 6.30122185e+01, 9.05833149e+00,
       5.97975349e+01, 6.05860176e+01, 2.87822418e+01, 6.07051659e+01,
       2.96841393e+01, 9.76863327e+01, 8.99049301e+01, -1.58604264e+00,
       1.05654114e+02, 9.43453445e+01, -3.12877274e+01, 9.67663422e+01,
       8.52524796e+01, -3.46573563e+01, 4.70830612e+01, 9.16652832e+01,
       -4.60653877e+01, 4.73350563e+01, 8.49973373e+01, -5.23500786e+01,
       3.98774300e+01, 7.65008850e+01, -4.46174278e+01, 4.06516953e+01,
       8.40417709e+01, -3.36856537e+01, 4.12329521e+01, 8.85390015e+01,
       -2.15416355e+01, 4.18188477e+01, 9.29985046e+01, 1.19235668e+01,
       4.14094124e+01, 9.63330841e+01, 2.41944046e+01, 4.64675369e+01,
       9.66783295e+01, 3.56010399e+01, 4.64389000e+01, 9.22959366e+01,
       4.60250015e+01, 4.04985695e+01, 8.52889023e+01, 3.37911110e+01,
       4.00847282e+01, 8.86593475e+01, 2.30426598e+01, 4.08499985e+01,
       9.16579361e+01, 2.87579975e+01, 3.38191261e+01, 8.43014069e+01,
       -3.49183426e+01, 3.39560623e+01, 8.31861343e+01, -2.25451374e+01,
       2.64221058e+01, 7.99269180e+01, -2.96277542e+01, 2.94541225e+01,
       8.29267273e+01, -3.53277206e+01, 3.12203369e+01, 8.23888702e+01,
       -3.95865479e+01, 2.98779106e+01, 7.94752579e+01, -4.28825989e+01,
       2.59262829e+01, 7.47339020e+01, -3.81644249e+01, 2.39237595e+01,
       7.71963348e+01, -3.32669907e+01, 2.26836262e+01, 7.80652008e+01,
       -2.79489517e+01, 2.36734867e+01, 7.92346115e+01, -3.42960320e+01,
       2.74267178e+01, 8.09762115e+01, 2.81290550e+01, 2.73314667e+01,
       8.17519455e+01, 1.62753296e+01, 2.63662548e+01, 8.03817825e+01,
       2.24131222e+01, 3.01579323e+01, 8.18102264e+01, 2.86220093e+01,
       3.10734329e+01, 8.35852890e+01, 3.38571815e+01, 2.94436798e+01,
       8.30117722e+01, 3.82181587e+01, 2.58484821e+01, 7.99831314e+01,
       3.26887398e+01, 2.36337395e+01, 7.95583344e+01, 2.66644936e+01,
       2.26130238e+01, 7.86401978e+01, 2.11940727e+01, 2.37478828e+01,
       7.86287308e+01, 7.95104456e+00, 5.51971579e+00, 1.02464043e+02,
       -3.49603462e+00, 4.81711674e+00, 1.08186272e+02, -1.37654486e+01,
       6.77200413e+00, 9.22649765e+01, -1.40697975e+01, -1.13140736e+01,
       1.01096283e+02, -3.74273610e+00, -5.59250546e+00, 1.14500671e+02,
       9.36673546e+00, -1.23011789e+01, 1.09135628e+02, 1.86855888e+01,
       -8.31154156e+00, 9.04894485e+01, 1.22880936e+01, -1.64807663e+01,
       9.70196457e+01, -2.08529353e+00, -1.79999599e+01, 1.04776863e+02,
       -1.58290968e+01, -1.57270012e+01, 9.08806839e+01, -2.17771816e+01,
       -7.69244337e+00, 8.54472809e+01, -2.17380104e+01, -4.15443230e+01,
       8.88283691e+01, -1.53462200e+01, -3.30578156e+01, 9.35608673e+01,
       -7.26016188e+00, -3.07264919e+01, 9.76517944e+01, -1.33867240e+00,
       -3.09205933e+01, 9.92326202e+01, 4.69575787e+00, -3.09402370e+01,
       9.93926086e+01, 1.38382463e+01, -3.40006485e+01, 9.66240845e+01,
       2.09272881e+01, -4.23648834e+01, 9.08957443e+01, 9.33499336e+00,
       -3.75387230e+01, 9.77457886e+01, -1.34796584e+00, -3.65901909e+01,
       9.92517471e+01, -1.11390629e+01, -3.67497940e+01, 9.59360962e+01,
       -1.11146336e+01, -3.95146866e+01, 9.53763046e+01, -1.34246981e+00,
       -4.10054665e+01, 9.82865295e+01, 9.30754566e+00, -4.02938499e+01,
       9.71065063e+01, 1.51466427e+01, -4.62602882e+01, 9.49276428e+01,
       7.47092438e+00, -4.67152481e+01, 9.86329956e+01, -1.36314976e+00,
       -4.67810707e+01, 9.91690826e+01, -9.99186802e+00, -4.58959198e+01,
       9.65757065e+01, -1.65420589e+01, -4.47063217e+01, 9.15028381e+01 ]
