%YAML:1.0
---
# Ear tracker type: 0 (ET_32)
TrackerType: 0
ImageSize: [ 4096, 4096 ]
# Ear feature points in image space. Invalid points have zero coordinates
Point2f: !!opencv-matrix
   rows: 1
   cols: 32
   dt: "2f"
   data: [ 1.09308325e+03, 1.22411096e+03, 1.02168933e+03,
       1.20633337e+03, 9.74312866e+02, 1.24175781e+03, 9.68039795e+02,
       1.32534900e+03, 9.81091553e+02, 1.39799561e+03, 9.92342285e+02,
       1.46453491e+03, 1.00575134e+03, 1.53380444e+03, 1.02213464e+03,
       1.59836816e+03, 1.05943567e+03, 1.64730164e+03, 1.12538867e+03,
       1.65862500e+03, 1.09804810e+03, 1.50681445e+03, 1.06592810e+03,
       1.48515466e+03, 1.02137842e+03, 1.44321863e+03, 1.03701697e+03,
       1.37752661e+03, 1.06453296e+03, 1.35383508e+03, 1.08910974e+03,
       1.39400964e+03, 2.99704834e+03, 1.22786279e+03, 3.09273926e+03,
       1.21330249e+03, 3.14914673e+03, 1.27185657e+03, 3.14425098e+03,
       1.36972754e+03, 3.10451099e+03, 1.45031042e+03, 3.06595801e+03,
       1.51542993e+03, 3.01859521e+03, 1.57507959e+03, 2.97742407e+03,
       1.62156689e+03, 2.91916919e+03, 1.64717407e+03, 2.86285278e+03,
       1.61271326e+03, 2.91963892e+03, 1.48527380e+03, 2.96768335e+03,
       1.47591321e+03, 3.02058398e+03, 1.45465576e+03, 3.02357324e+03,
       1.37916602e+03, 3.00165308e+03, 1.34041870e+03, 2.95936426e+03,
       1.36819897e+03 ]
# Ear feature points in 3d object space. Invalid points have zero coordinates
Point3f: !!opencv-matrix
   rows: 1
   cols: 32
   dt: "3f"
   data: [ -7.62100677e+01, 3.10006847e+01, 1.19738064e+01,
       -8.20994873e+01, 3.43503456e+01, 3.92450023e+00, -8.25396652e+01,
       3.04476490e+01, -2.61213088e+00, -7.66865845e+01, 1.95455303e+01,
       -4.24882412e+00, -7.59352112e+01, 9.84524918e+00, -3.83408880e+00,
       -7.93363571e+01, 9.98267233e-01, -3.76217556e+00, -7.68798676e+01,
       -8.27343464e+00, -3.18468690e+00, -6.31397400e+01,
       -1.69621449e+01, -2.26469207e+00, -6.12294312e+01,
       -2.37932796e+01, 4.35113072e-01, -6.20913887e+01, -2.60554256e+01,
       6.60948849e+00, -6.97078705e+01, -5.97318602e+00, 7.27852058e+00,
       -7.15617294e+01, -2.73149896e+00, 4.30821753e+00, -7.52493896e+01,
       3.35454631e+00, 1.07000262e-01, -7.60348358e+01, 1.17286339e+01,
       2.96997881e+00, -7.47852097e+01, 1.44463902e+01, 6.46466970e+00,
       -7.31536102e+01, 8.86342812e+00, 8.47410679e+00, 7.54088211e+01,
       3.04363842e+01, 1.25110121e+01, 8.23283234e+01, 3.37222481e+01,
       1.50086725e+00, 8.01951523e+01, 2.69029770e+01, -6.30330038e+00,
       7.82270737e+01, 1.39951668e+01, -7.05270004e+00, 7.89617004e+01,
       2.86999202e+00, -3.61840129e+00, 7.73466797e+01, -6.21878624e+00,
       -4.12884131e-02, 6.65560379e+01, -1.46027327e+01, 3.71266532e+00,
       6.47426376e+01, -2.11725731e+01, 6.93054724e+00, 6.38930359e+01,
       -2.52302494e+01, 1.22763605e+01, 6.43120193e+01, -2.14657803e+01,
       1.88962345e+01, 6.82427444e+01, -4.16534758e+00, 1.58571053e+01,
       6.96486664e+01, -2.33048511e+00, 1.10395460e+01, 7.23144913e+01,
       1.12455308e+00, 5.89641428e+00, 7.49128265e+01, 1.10197115e+01,
       6.97014380e+00, 7.37684021e+01, 1.57954531e+01, 9.99089527e+00,
       7.19229126e+01, 1.16045227e+01, 1.40711956e+01 ]
