%YAML:1.0
---
# Face tracker type: 0(Unknown) 1(ASM) 2(MT)
TrackerType: 1
ImageSize: [ 4096, 4096 ]
# Face feature points in image space. Invalid points have zero coordinates
Point2f: !!opencv-matrix
   rows: 1
   cols: 77
   dt: "2f"
   data: [ 1.57226672e+03, 1.25550684e+03, 1.56160010e+03,
       1.44204602e+03, 1.56373340e+03, 1.61081958e+03, 1.57440002e+03,
       1.77071045e+03, 1.69813342e+03, 1.99722253e+03, 1.92426672e+03,
       2.08605054e+03, 2.06933350e+03, 2.09493335e+03, 2.21866675e+03,
       2.05496069e+03, 2.39786670e+03, 1.90839429e+03, 2.52160010e+03,
       1.68632361e+03, 2.53226685e+03, 1.53975708e+03, 2.53440015e+03,
       1.39319043e+03, 2.52373340e+03, 1.23329980e+03, 2.19306689e+03,
       8.33572754e+02, 1.99680005e+03, 7.93600037e+02, 1.80480005e+03,
       8.29131348e+02, 1.83040015e+03, 1.03253345e+03, 1.73653345e+03,
       1.05813342e+03, 1.66826672e+03, 1.13920007e+03, 1.75360010e+03,
       1.10933337e+03, 1.83466675e+03, 1.09226672e+03, 1.92426672e+03,
       1.07093335e+03, 2.14186670e+03, 1.07946667e+03, 2.23146680e+03,
       1.03253345e+03, 2.32106689e+03, 1.04960010e+03, 2.38506689e+03,
       1.13920007e+03, 2.31253345e+03, 1.11360010e+03, 2.23146680e+03,
       1.09226672e+03, 2.22720020e+03, 1.16480005e+03, 1.84320007e+03,
       1.16053345e+03, 1.91146680e+03, 1.22026672e+03, 1.87733337e+03,
       1.19466675e+03, 1.84320007e+03, 1.18613342e+03, 1.80480005e+03,
       1.19893335e+03, 1.77066675e+03, 1.22453345e+03, 1.80906677e+03,
       1.23733337e+03, 1.84320007e+03, 1.24160010e+03, 1.87733337e+03,
       1.23306677e+03, 1.84746680e+03, 1.21173340e+03, 2.23573340e+03,
       1.21600012e+03, 2.15893335e+03, 1.22026672e+03, 2.19306689e+03,
       1.19893335e+03, 2.23146680e+03, 1.19040002e+03, 2.26133350e+03,
       1.19893335e+03, 2.29546680e+03, 1.22880005e+03, 2.26133350e+03,
       1.23733337e+03, 2.23146680e+03, 1.24586670e+03, 2.19306689e+03,
       1.24160010e+03, 2112., 1.35680005e+03, 2.03946680e+03,
       1.36106677e+03, 1.97120007e+03, 1.36533337e+03, 1.97973340e+03,
       1.48480005e+03, 2.05226685e+03, 1.43360010e+03, 2.12053345e+03,
       1.48480005e+03, 2.17173340e+03, 1.45066675e+03, 2.14613354e+03,
       1.51466675e+03, 2.05226685e+03, 1.52746680e+03, 1.94133337e+03,
       1.51466675e+03, 1.90720007e+03, 1.45066675e+03, 1.89440015e+03,
       1.70666675e+03, 1.95413342e+03, 1.64266675e+03, 2.01386682e+03,
       1.62133337e+03, 2.05226685e+03, 1.62560010e+03, 2.08640015e+03,
       1.61706677e+03, 2.14186670e+03, 1.63840015e+03, 2.18880005e+03,
       1.70240015e+03, 2.12053345e+03, 1.67253345e+03, 2.05226685e+03,
       1.66400012e+03, 1.97973340e+03, 1.67253345e+03, 1.97973340e+03,
       1.68533337e+03, 2.05226685e+03, 1.68960010e+03, 2.11626685e+03,
       1.68106677e+03, 2.15466675e+03, 1.72373340e+03, 2.10773340e+03,
       1.73226672e+03, 2.05226685e+03, 1.73653345e+03, 1.99253345e+03,
       1.73653345e+03, 1.93706677e+03, 1.73226672e+03 ]
# Face feature points in 3d object space. Invalid points have zero coordinates
Point3f: !!opencv-matrix
   rows: 1
   cols: 77
   dt: "3f"
   data: [ -5.99647751e+01, 2.35031033e+01, 5.87329788e+01,
       -6.03853836e+01, 9.56049711e-02, 5.55165863e+01, -5.64257927e+01,
       -2.08467655e+01, 5.06857605e+01, -5.36764755e+01, -4.10467262e+01,
       4.90396652e+01, -3.76260567e+01, -7.06863480e+01, 5.50394669e+01,
       -1.65536404e+01, -8.46458054e+01, 7.64181747e+01, 3.05432606e+00,
       -8.66320419e+01, 8.33636017e+01, 2.40753479e+01, -8.11868744e+01,
       8.05566940e+01, 4.19464836e+01, -6.04052124e+01, 6.36183586e+01,
       5.07780876e+01, -3.17471848e+01, 6.09973488e+01, 5.33411331e+01,
       -1.37192698e+01, 6.64865189e+01, 5.47758026e+01, 4.36813545e+00,
       7.14912033e+01, 5.03277206e+01, 2.47232094e+01, 7.18740082e+01,
       1.95493793e+01, 7.27686081e+01, 9.59795074e+01, -6.75611258e+00,
       7.78605576e+01, 9.60492859e+01, -3.14282913e+01, 7.40699768e+01,
       8.99963531e+01, -3.10003681e+01, 4.61623535e+01, 9.57369308e+01,
       -4.31487923e+01, 4.35517845e+01, 8.93047104e+01, -4.86412926e+01,
       3.41008453e+01, 7.85800629e+01, -3.95386772e+01, 3.70731964e+01,
       8.66813889e+01, -2.89070511e+01, 3.88627930e+01, 9.05686798e+01,
       -1.74045277e+01, 4.09918633e+01, 9.63068008e+01, 1.32199755e+01,
       3.98041649e+01, 9.67486496e+01, 2.63847160e+01, 4.59350700e+01,
       9.75879898e+01, 3.83552666e+01, 4.43252258e+01, 9.22367401e+01,
       4.37721443e+01, 3.37186394e+01, 8.16928864e+01, 3.50650978e+01,
       3.65028229e+01, 8.67111435e+01, 2.46599884e+01, 3.88458061e+01,
       9.07070465e+01, 2.21766853e+01, 3.01667480e+01, 8.29271317e+01,
       -2.63560600e+01, 3.04224529e+01, 8.54601746e+01, -1.66682796e+01,
       2.29348965e+01, 8.18230515e+01, -2.10730457e+01, 2.62570019e+01,
       8.24602661e+01, -2.60161400e+01, 2.72001038e+01, 8.40105057e+01,
       -3.10565319e+01, 2.56130047e+01, 8.30896072e+01, -3.50800972e+01,
       2.24978085e+01, 8.07672348e+01, -2.99344749e+01, 2.07548141e+01,
       8.11159668e+01, -2.55000820e+01, 2.01356697e+01, 8.15429077e+01,
       -2.10057545e+01, 2.12628422e+01, 8.15940247e+01, -2.50222168e+01,
       2.40097485e+01, 8.23002853e+01, 2.27240677e+01, 2.37007370e+01,
       8.02013702e+01, 1.38934345e+01, 2.26379089e+01, 8.42418213e+01,
       1.75079269e+01, 2.58536854e+01, 8.11294174e+01, 2.23270245e+01,
       2.69881668e+01, 8.11210022e+01, 2.63998241e+01, 2.58052483e+01,
       8.15239105e+01, 3.06895657e+01, 2.20003624e+01, 8.02029953e+01,
       2.61876736e+01, 2.08566456e+01, 8.02866364e+01, 2.25214367e+01,
       1.96482201e+01, 8.08972778e+01, 1.79206314e+01, 2.00483341e+01,
       8.22541885e+01, 1.02192659e+01, 1.98091149e+00, 1.04780388e+02,
       -1.46407151e+00, 4.37600732e-01, 1.12734039e+02, -1.17090759e+01,
       1.45273983e+00, 9.98507919e+01, -1.08322849e+01, -1.46835260e+01,
       1.02033386e+02, 7.70731688e-01, -9.77473259e+00, 1.17441612e+02,
       1.17886190e+01, -1.49822502e+01, 1.04466286e+02, 1.84252167e+01,
       -9.34495354e+00, 9.54789658e+01, 1.47777243e+01, -1.79047375e+01,
       9.59588547e+01, 6.84535146e-01, -2.04525051e+01, 1.02861938e+02,
       -1.52519035e+01, -1.72897606e+01, 9.09502640e+01, -1.94056931e+01,
       -8.43580627e+00, 8.80745773e+01, -2.26231899e+01, -4.26394043e+01,
       8.97045670e+01, -1.42947350e+01, -3.47957420e+01, 9.50570831e+01,
       -5.40525770e+00, -3.25586357e+01, 9.99153061e+01, 6.84011519e-01,
       -3.32838249e+01, 1.01205864e+02, 6.13139439e+00, -3.21015930e+01,
       1.00808556e+02, 1.47209091e+01, -3.45956421e+01, 9.80429993e+01,
       2.13880539e+01, -4.24770317e+01, 9.29977798e+01, 1.14532928e+01,
       -3.91819992e+01, 9.84710617e+01, 6.83357060e-01, -3.82964020e+01,
       1.00489639e+02, -1.05887337e+01, -3.89666481e+01, 9.67171478e+01,
       -1.05646915e+01, -4.06136856e+01, 9.62844391e+01, 6.81328595e-01,
       -4.16084633e+01, 9.97706528e+01, 1.07915182e+01, -4.03183899e+01,
       9.84950180e+01, 1.67000446e+01, -4.57157631e+01, 9.62971115e+01,
       9.61681938e+00, -4.72599411e+01, 9.96422806e+01, 6.90425634e-01,
       -4.79192390e+01, 1.00396187e+02, -8.74381638e+00, -4.75572929e+01,
       9.74483871e+01, -1.67080212e+01, -4.63551674e+01, 9.22734909e+01 ]
