%YAML:1.0
---
# Ear tracker type: 0 (ET_32)
TrackerType: 0
ImageSize: [ 4096, 4096 ]
# Ear feature points in image space. Invalid points have zero coordinates
Point2f: !!opencv-matrix
   rows: 1
   cols: 32
   dt: "2f"
   data: [ 9.71484619e+02, 1.15828833e+03, 9.02220581e+02,
       1.09459668e+03, 8.18594360e+02, 1.09419702e+03, 7.64330933e+02,
       1.16503711e+03, 7.52996155e+02, 1.25562183e+03, 7.65332092e+02,
       1.34802026e+03, 7.97090210e+02, 1.43883484e+03, 8.48779358e+02,
       1.51868896e+03, 9.08668396e+02, 1.56947681e+03, 1.01312073e+03,
       1.55384985e+03, 9.72698792e+02, 1.43362292e+03, 9.20908203e+02,
       1.39418201e+03, 8.55930237e+02, 1.35435669e+03, 8.82829529e+02,
       1.28179272e+03, 9.30028931e+02, 1.25281787e+03, 9.68377869e+02,
       1.32326880e+03, 3.01923755e+03, 1.18954944e+03, 3.08424414e+03,
       1.13964148e+03, 3.15561035e+03, 1.14262146e+03, 3.19437695e+03,
       1.21546436e+03, 3.20115527e+03, 1.29736670e+03, 3.19359253e+03,
       1.37905640e+03, 3.17376855e+03, 1.46140283e+03, 3.13722510e+03,
       1.53918494e+03, 3.08791553e+03, 1.60008020e+03, 2.99375098e+03,
       1.59605493e+03, 3.02459204e+03, 1.46310657e+03, 3.07204590e+03,
       1.42863416e+03, 3.13138818e+03, 1.36817578e+03, 3.09156982e+03,
       1.29633752e+03, 3.04583398e+03, 1.28232690e+03, 3.01675488e+03,
       1.34079346e+03 ]
# Ear feature points in 3d object space. Invalid points have zero coordinates
Point3f: !!opencv-matrix
   rows: 1
   cols: 32
   dt: "3f"
   data: [ -7.88335114e+01, 3.76233025e+01, -1.79265499e+00,
       -8.31281433e+01, 4.70967674e+01, -1.00473728e+01, -8.26123199e+01,
       4.85158348e+01, -2.11724777e+01, -8.46775970e+01, 4.03072968e+01,
       -3.09527798e+01, -8.43379898e+01, 2.86484985e+01, -3.39923592e+01,
       -8.42157288e+01, 1.63211212e+01, -3.35488091e+01, -8.22809143e+01,
       3.77571344e+00, -2.96161270e+01, -8.07428894e+01, -7.60146379e+00,
       -2.33410568e+01, -7.99817734e+01, -1.52150002e+01,
       -1.62751446e+01, -6.79805298e+01, -1.47745705e+01,
       -2.95722437e+00, -7.20563049e+01, 1.51173174e+00, -5.53927326e+00,
       -6.90672760e+01, 7.32252073e+00, -1.01979418e+01, -8.39505310e+01,
       1.38892450e+01, -2.05972862e+01, -7.06504211e+01, 2.25809689e+01,
       -1.28873959e+01, -7.28861313e+01, 2.57675419e+01, -7.49550819e+00,
       -7.13096390e+01, 1.60027485e+01, -4.18010950e+00, 8.26585236e+01,
       3.19399452e+01, 1.06768475e+01, 8.85143814e+01, 3.94902992e+01,
       3.17360210e+00, 9.13236923e+01, 4.03330460e+01, -6.91369629e+00,
       9.26138153e+01, 3.15100517e+01, -1.38561516e+01, 9.72692566e+01,
       2.10285969e+01, -1.70919724e+01, 9.69487839e+01, 1.01891241e+01,
       -1.71819229e+01, 9.42892761e+01, -1.00727046e+00, -1.50754623e+01,
       9.11916351e+01, -1.18782139e+01, -1.06818657e+01, 7.25883636e+01,
       -2.07462177e+01, -4.33317089e+00, 7.28023758e+01, -2.15056343e+01,
       6.20624781e+00, 7.70857086e+01, -3.72317529e+00, 5.20083094e+00,
       7.79000015e+01, 1.47271168e+00, 1.75295770e-01, 7.79852676e+01,
       1.02514372e+01, -5.91898966e+00, 7.86045685e+01, 1.90711460e+01,
       -3.64815108e-02, 7.75974503e+01, 2.02370300e+01, 5.62451649e+00,
       7.69727707e+01, 1.21694078e+01, 8.08203030e+00 ]
