%YAML:1.0
---
# Face tracker type: 0(Unknown) 1(ASM) 2(MT)
TrackerType: 1
ImageSize: [ 4096, 4096 ]
# Face feature points in image space. Invalid points have zero coordinates
Point2f: !!opencv-matrix
   rows: 1
   cols: 77
   dt: "2f"
   data: [ 1.53813342e+03, 1.18017822e+03, 1.52960010e+03,
       1.35703210e+03, 1.54453345e+03, 1.52504346e+03, 1.57013342e+03,
       1.71074023e+03, 1.68533337e+03, 1.91412219e+03, 1.89440015e+03,
       2.04676270e+03, 2048., 2.08213354e+03, 2.21866675e+03,
       2.05560547e+03, 2.38506689e+03, 1.91854358e+03, 2.50026685e+03,
       1.66210535e+03, 2.52586670e+03, 1.48967261e+03, 2.54080005e+03,
       1.33492529e+03, 2.53226685e+03, 1.16249280e+03, 2.26560010e+03,
       6.71722900e+02, 2.02240015e+03, 6.18666687e+02, 1.78773340e+03,
       6.71722900e+02, 1.84320007e+03, 9.89866699e+02, 1.74933337e+03,
       9.85600037e+02, 1.66826672e+03, 1.04533337e+03, 1.74933337e+03,
       1.03680005e+03, 1.83893347e+03, 1.04533337e+03, 1.93280005e+03,
       1.04533337e+03, 2.14613354e+03, 1.04960010e+03, 2240.,
       9.94133362e+02, 2.33813354e+03, 9.89866699e+02, 2.43200024e+03,
       1.04106677e+03, 2.33813354e+03, 1.03680005e+03, 2.24426685e+03,
       1.04533337e+03, 2.29120020e+03, 1.08373340e+03, 1.81333337e+03,
       1.08373340e+03, 1.90293347e+03, 1.15626672e+03, 1.86026672e+03,
       1.12213342e+03, 1.81333337e+03, 1.10506677e+03, 1.77493347e+03,
       1.12213342e+03, 1.73653345e+03, 1.15626672e+03, 1.77493347e+03,
       1.17760010e+03, 1.81760010e+03, 1.18613342e+03, 1.86026672e+03,
       1.17760010e+03, 1.81760010e+03, 1.14346667e+03, 2.29120020e+03,
       1.14346667e+03, 2.20586670e+03, 1.16053345e+03, 2.24853345e+03,
       1.12213342e+03, 2.29546680e+03, 1.10933337e+03, 2.33813354e+03,
       1.12213342e+03, 2.38080005e+03, 1.15626672e+03, 2.33813354e+03,
       1.18186670e+03, 2.29546680e+03, 1.19040002e+03, 2.24853345e+03,
       1.18186670e+03, 2.11626685e+03, 1.31413342e+03, 2.04373340e+03,
       1.30986670e+03, 1.97120007e+03, 1.30560010e+03, 1.96693347e+03,
       1.44213342e+03, 2.02666675e+03, 1.38666675e+03, 2.10773340e+03,
       1.44213342e+03, 2.18880005e+03, 1.42080005e+03, 2.14186670e+03,
       1.48053345e+03, 2.03520007e+03, 1.48906677e+03, 1.94986682e+03,
       1.47626672e+03, 1.90720007e+03, 1.42080005e+03, 1.90293347e+03,
       1.66400012e+03, 1.94560010e+03, 1.60853345e+03, 2.00106677e+03,
       1.58720007e+03, 2.03946680e+03, 1.59146680e+03, 2.08213354e+03,
       1.58720007e+03, 2.14186670e+03, 1.61280005e+03, 2.21013354e+03,
       1.67680005e+03, 2.11626685e+03, 1.64266675e+03, 2.04373340e+03,
       1.63840015e+03, 1.97546680e+03, 1.63840015e+03, 1.97546680e+03,
       1.65120007e+03, 2.03946680e+03, 1.66400012e+03, 2.11626685e+03,
       1.65973340e+03, 2.15893335e+03, 1.70666675e+03, 2.10346680e+03,
       1.71093347e+03, 2.03946680e+03, 1.71093347e+03, 1.98400012e+03,
       1.70240015e+03, 1.94133337e+03, 1.68960010e+03 ]
# Face feature points in 3d object space. Invalid points have zero coordinates
Point3f: !!opencv-matrix
   rows: 1
   cols: 77
   dt: "3f"
   data: [ -5.11889191e+01, 2.88501720e+01, 6.72301407e+01,
       -5.52283478e+01, 6.12889671e+00, 6.76561050e+01, -5.38921280e+01,
       -1.53252735e+01, 6.69935074e+01, -5.11124191e+01, -3.91355743e+01,
       6.70577011e+01, -3.91944046e+01, -6.53499298e+01, 6.82389984e+01,
       -1.97331371e+01, -8.28912964e+01, 7.26339188e+01, -1.05570663e-08,
       -8.80043411e+01, 7.73515396e+01, 2.19763260e+01, -8.39862518e+01,
       7.23204880e+01, 4.71184120e+01, -6.51567612e+01, 6.20501480e+01,
       6.19069061e+01, -3.15555325e+01, 5.60948219e+01, 6.51366425e+01,
       -9.67515278e+00, 5.79017982e+01, 6.56631165e+01, 1.00874319e+01,
       5.84943962e+01, 6.23571434e+01, 3.20341187e+01, 5.97613602e+01,
       2.99240685e+01, 9.59261703e+01, 9.87200546e+01, -3.34509301e+00,
       1.04254799e+02, 9.85785828e+01, -3.42821007e+01, 9.58928757e+01,
       9.36403580e+01, -2.81730785e+01, 4.83191681e+01, 9.32918320e+01,
       -3.97131004e+01, 4.96303368e+01, 8.72288055e+01, -4.87183113e+01,
       4.26153069e+01, 7.97432861e+01, -4.00227051e+01, 4.28541412e+01,
       8.70293121e+01, -2.82954922e+01, 4.12469444e+01, 9.08876801e+01,
       -1.57126703e+01, 4.09051552e+01, 9.36713409e+01, 1.36484747e+01,
       4.01039925e+01, 9.55806580e+01, 2.70777550e+01, 4.74494133e+01,
       9.57598038e+01, 4.03173637e+01, 4.85849304e+01, 9.11273727e+01,
       5.18124809e+01, 4.27364120e+01, 8.33725739e+01, 4.05498390e+01,
       4.23841515e+01, 9.08570709e+01, 2.73767185e+01, 4.08832893e+01,
       9.38493881e+01, 3.29116859e+01, 3.63555984e+01, 8.91841049e+01,
       -3.12269669e+01, 3.64921722e+01, 8.80718079e+01, -1.76271038e+01,
       2.76185188e+01, 8.18767242e+01, -2.39850960e+01, 3.17106247e+01,
       8.54740067e+01, -3.09205093e+01, 3.37998657e+01, 8.69208908e+01,
       -3.56179276e+01, 3.18292217e+01, 8.45081024e+01, -3.93323479e+01,
       2.78549061e+01, 7.99514999e+01, -3.42431564e+01, 2.49475346e+01,
       8.05521622e+01, -2.85858078e+01, 2.37609882e+01, 8.09845963e+01,
       -2.29740009e+01, 2.48686199e+01, 8.11948700e+01, -2.95134010e+01,
       2.90376377e+01, 8.41657181e+01, 3.08925190e+01, 2.91680126e+01,
       8.31039200e+01, 1.90884361e+01, 2.71361618e+01, 8.11896210e+01,
       2.53673916e+01, 3.18477364e+01, 8.43573151e+01, 3.27758064e+01,
       3.32416344e+01, 8.68517380e+01, 3.84833870e+01, 3.17459946e+01,
       8.51859207e+01, 4.27543602e+01, 2.78082924e+01, 8.03311615e+01,
       3.65977478e+01, 2.44114838e+01, 8.03023453e+01, 3.08007336e+01,
       2.32371178e+01, 8.06355896e+01, 2.44802303e+01, 2.43717518e+01,
       8.06259460e+01, 1.10298433e+01, 3.66563678e+00, 1.06180122e+02,
       -7.36894608e-01, 3.29217577e+00, 1.13837311e+02, -1.10637951e+01,
       6.17941236e+00, 9.49382706e+01, -1.28586512e+01, -1.28310061e+01,
       1.02066551e+02, -3.86903143e+00, -7.43971300e+00, 1.18160759e+02,
       1.01768103e+01, -1.37918186e+01, 1.09891739e+02, 2.02414989e+01,
       -8.74595928e+00, 9.18744888e+01, 1.44353580e+01, -1.74523201e+01,
       9.81637421e+01, -2.08372378e+00, -1.93672543e+01, 1.04528404e+02,
       -1.44642935e+01, -1.63822002e+01, 9.40639191e+01, -1.93306847e+01,
       -8.24004841e+00, 8.77541885e+01, -2.14628258e+01, -4.08859062e+01,
       9.05441895e+01, -1.58327322e+01, -3.42508926e+01, 9.65091629e+01,
       -7.51192665e+00, -3.19706669e+01, 1.01016174e+02, -1.37938154e+00,
       -3.26766167e+01, 1.02150108e+02, 5.49475193e+00, -3.20543480e+01,
       1.01697708e+02, 1.46778603e+01, -3.49636688e+01, 9.76986771e+01,
       2.38325615e+01, -4.24376030e+01, 8.93349838e+01, 1.06890802e+01,
       -3.89289017e+01, 9.76836853e+01, -6.79429948e-01, -3.86274910e+01,
       9.98444977e+01, -1.12945108e+01, -3.82964020e+01, 9.71479950e+01,
       -1.11990213e+01, -3.98671608e+01, 9.60940170e+01, -1.33906567e+00,
       -4.17925148e+01, 9.79279480e+01, 1.05845518e+01, -4.10409279e+01,
       9.64223785e+01, 1.67706814e+01, -4.68038177e+01, 9.25857773e+01,
       8.63588905e+00, -4.78072853e+01, 9.61427841e+01, -1.33081901e+00,
       -4.78571205e+01, 9.65486450e+01, -9.88502884e+00, -4.65824471e+01,
       9.53984833e+01, -1.59588709e+01, -4.44562569e+01, 9.19288254e+01 ]
