%YAML:1.0
---
# Ear tracker type: 0 (ET_32)
TrackerType: 0
ImageSize: [ 4096, 4096 ]
# Ear feature points in image space. Invalid points have zero coordinates
Point2f: !!opencv-matrix
   rows: 1
   cols: 32
   dt: "2f"
   data: [ 1.03673926e+03, 1.15889734e+03, 9.24063110e+02, 1153.,
       8.28166199e+02, 1.15902173e+03, 8.15548523e+02, 1.27017590e+03,
       8.52274536e+02, 1.37284509e+03, 8.99480042e+02, 1.46039490e+03,
       9.54129639e+02, 1.54291638e+03, 1.01416528e+03, 1.60715161e+03,
       1.08708398e+03, 1.65174353e+03, 1.17804321e+03, 1.60587500e+03,
       1.11551599e+03, 1.47603369e+03, 1.04859290e+03, 1.44602600e+03,
       9.46489380e+02, 1.40675793e+03, 9.65498779e+02, 1.31441809e+03,
       1.01584375e+03, 1.27488745e+03, 1.08476074e+03, 1.32474658e+03,
       2.99839697e+03, 1.24298047e+03, 3.10391895e+03, 1.19828699e+03,
       3.17463477e+03, 1.25640576e+03, 3.16572583e+03, 1.35727673e+03,
       3.12822021e+03, 1.44645886e+03, 3.08432886e+03, 1.51776111e+03,
       3.03733203e+03, 1.58789563e+03, 2.98937256e+03, 1.64298315e+03,
       2.93066406e+03, 1.68375195e+03, 2.85463037e+03, 1.67006055e+03,
       2.90685449e+03, 1.52427783e+03, 2.96225879e+03, 1.50202454e+03,
       3.03734106e+03, 1.46336938e+03, 3.03223926e+03, 1.38251965e+03,
       2.99818213e+03, 1.35148999e+03, 2.95696802e+03, 1.39029187e+03 ]
# Ear feature points in 3d object space. Invalid points have zero coordinates
Point3f: !!opencv-matrix
   rows: 1
   cols: 32
   dt: "3f"
   data: [ -7.88049469e+01, 3.80815773e+01, 6.22760725e+00,
       -8.27776947e+01, 4.05997162e+01, -7.90130186e+00, -8.72781448e+01,
       4.15479965e+01, -2.21386318e+01, -9.09629517e+01, 2.73788300e+01,
       -2.69845200e+01, -8.84112091e+01, 1.31793480e+01, -2.24044991e+01,
       -8.46224442e+01, 8.11537325e-01, -1.63865910e+01, -8.21856766e+01,
       -1.09032249e+01, -1.02476645e+01, -6.76423035e+01,
       -2.02618599e+01, -3.51603031e+00, -6.65272903e+01,
       -2.70082645e+01, 3.19028592e+00, -6.94353104e+01, -2.22568321e+01,
       1.41126471e+01, -7.22620468e+01, -4.47351837e+00, 9.73900032e+00,
       -7.31579132e+01, 3.61058295e-01, 2.82623887e+00, -7.28222122e+01,
       6.89613342e+00, -7.91818142e+00, -7.23178253e+01, 1.87119274e+01,
       -4.25858927e+00, -7.28542938e+01, 2.32026920e+01, 1.93049860e+00,
       -7.19563141e+01, 1.57476501e+01, 8.71031094e+00, 7.96396790e+01,
       2.61662350e+01, 1.23107967e+01, 8.55373611e+01, 3.36258430e+01,
       -9.42636654e-02, 8.54301605e+01, 2.71628342e+01, -1.03290148e+01,
       7.84323273e+01, 1.36945105e+01, -9.75861454e+00, 8.21336136e+01,
       1.50630963e+00, -6.96927547e+00, 8.05255966e+01, -8.50357723e+00,
       -2.57865834e+00, 7.41250610e+01, -1.83473854e+01, 1.72253585e+00,
       7.18489761e+01, -2.61907368e+01, 6.00880098e+00, 7.01288834e+01,
       -3.22921829e+01, 1.15982342e+01, 7.06895981e+01, -3.16020527e+01,
       2.07886448e+01, 7.50942078e+01, -1.19112425e+01, 1.81248035e+01,
       7.57340851e+01, -8.19858932e+00, 1.19609528e+01, 7.69810715e+01,
       -2.07112646e+00, 3.87309098e+00, 7.69167099e+01, 8.43514156e+00,
       5.76811266e+00, 7.63777008e+01, 1.20093803e+01, 1.02256012e+01,
       7.65820541e+01, 6.32637072e+00, 1.45347786e+01 ]
