%YAML:1.0
---
# Face tracker type: 0(Unknown) 1(ASM) 2(MT)
TrackerType: 1
ImageSize: [ 4096, 4096 ]
# Face feature points in image space. Invalid points have zero coordinates
Point2f: !!opencv-matrix
   rows: 1
   cols: 77
   dt: "2f"
   data: [ 1.57297778e+03, 1.21332996e+03, 1.57084448e+03,
       1.39946680e+03, 1.58364453e+03, 1.58117175e+03, 1.61564453e+03,
       1.77617212e+03, 1.73724451e+03, 1.97560437e+03, 1.91146680e+03,
       2.07753638e+03, 2.09493335e+03, 2.08640015e+03, 2240.,
       2.04208179e+03, 2.45831104e+03, 1.90912695e+03, 2.57991113e+03,
       1.70083105e+03, 2.61191113e+03, 1.54128528e+03, 2.62471118e+03,
       1.37730762e+03, 2.62257764e+03, 1.18230713e+03, 2176.,
       7.61283508e+02, 1.95840015e+03, 7.12533386e+02, 1.75360010e+03,
       7.56851685e+02, 1.85600012e+03, 1.00266675e+03, 1.74080005e+03,
       1.00693341e+03, 1.63840015e+03, 1.07520007e+03, 1.74933337e+03,
       1.06240002e+03, 1.85173340e+03, 1.06240002e+03, 1.95840015e+03,
       1.06240002e+03, 2.13760010e+03, 1.07520007e+03, 2.22293335e+03,
       1.01546674e+03, 2.31253345e+03, 1.01120007e+03, 2.39360010e+03,
       1.07093335e+03, 2.30826685e+03, 1.06666675e+03, 2.22720020e+03,
       1.07520007e+03, 2.23573340e+03, 1.10933337e+03, 1.81760010e+03,
       1.10506677e+03, 1.90293347e+03, 1.18186670e+03, 1.85600012e+03,
       1.14346667e+03, 1.81333337e+03, 1.13066675e+03, 1.77066675e+03,
       1.14773340e+03, 1.72800012e+03, 1.17760010e+03, 1.77493347e+03,
       1.20320007e+03, 1.81333337e+03, 1.20746667e+03, 1.86026672e+03,
       1.19893335e+03, 1.80480005e+03, 1.16906677e+03, 2.22293335e+03,
       1.17333337e+03, 2.15893335e+03, 1.19040002e+03, 2.19733350e+03,
       1152., 2240., 1.13493335e+03, 2.27840015e+03, 1.14773340e+03,
       2.32106689e+03, 1.17760010e+03, 2.28266675e+03, 1.19893335e+03,
       2.24426685e+03, 1.21173340e+03, 2.20160010e+03, 1.20746667e+03,
       2.15893335e+03, 1.32693335e+03, 2.08213354e+03, 1.33120007e+03,
       2.00533350e+03, 1.33120007e+03, 2.00960010e+03, 1.48053345e+03,
       2112., 1.42506677e+03, 2.18026685e+03, 1.48053345e+03,
       2.25280005e+03, 1.45493335e+03, 2.21013354e+03, 1.50613342e+03,
       2.09920020e+03, 1.52746680e+03, 1.95840015e+03, 1.51040002e+03,
       1.90720007e+03, 1.46773340e+03, 1.87306677e+03, 1.69813342e+03,
       1.96693347e+03, 1.63413342e+03, 2.05226685e+03, 1.61706677e+03,
       2.09920020e+03, 1.62133337e+03, 2.14613354e+03, 1.61280005e+03,
       2.20586670e+03, 1.63413342e+03, 2.25706689e+03, 1.69813342e+03,
       2176., 1.67680005e+03, 2.09493335e+03, 1.67253345e+03,
       2.00106677e+03, 1.67253345e+03, 2.00106677e+03, 1.68960010e+03,
       2.09066675e+03, 1.69386670e+03, 2.17173340e+03, 1.68960010e+03,
       2.22293335e+03, 1.74080005e+03, 2.16320020e+03, 1.75786670e+03,
       2.09493335e+03, 1.75786670e+03, 2.01386682e+03, 1.75786670e+03,
       1.93706677e+03, 1.74080005e+03 ]
# Face feature points in 3d object space. Invalid points have zero coordinates
Point3f: !!opencv-matrix
   rows: 1
   cols: 77
   dt: "3f"
   data: [ -6.32084923e+01, 2.79920673e+01, 4.97055359e+01,
       -6.59097977e+01, 4.22327566e+00, 4.94316750e+01, -6.43795624e+01,
       -1.88531113e+01, 4.81341743e+01, -6.06603012e+01, -4.38855209e+01,
       4.89204407e+01, -4.36511574e+01, -7.04016342e+01, 5.71749229e+01,
       -1.80654469e+01, -8.56389694e+01, 7.51143570e+01, 6.62427855e+00,
       -8.75916367e+01, 8.17863312e+01, 2.56669712e+01, -8.11263809e+01,
       7.52870331e+01, 4.36337318e+01, -6.34166679e+01, 6.95209351e+01,
       5.30676918e+01, -3.66051216e+01, 6.80915604e+01, 5.57679825e+01,
       -1.63471794e+01, 6.92654343e+01, 5.65884895e+01, 4.41504049e+00,
       7.09478607e+01, 5.38054543e+01, 2.91790905e+01, 7.23472061e+01,
       1.70760899e+01, 8.08318100e+01, 9.64168930e+01, -1.12584515e+01,
       8.89959946e+01, 9.29347687e+01, -3.34202652e+01, 8.31835403e+01,
       7.96339188e+01, -2.64942818e+01, 4.80685158e+01, 9.38979340e+01,
       -4.05186539e+01, 4.84629364e+01, 8.60700150e+01, -5.11843414e+01,
       4.06357574e+01, 7.59676971e+01, -3.99342461e+01, 4.10274620e+01,
       8.66243210e+01, -2.68666668e+01, 4.03515549e+01, 9.21291428e+01,
       -1.23968763e+01, 3.99735260e+01, 9.52079239e+01, 1.24462004e+01,
       3.82551460e+01, 9.53562164e+01, 2.45568428e+01, 4.61540833e+01,
       9.56429214e+01, 3.65651245e+01, 4.72239532e+01, 9.15451508e+01,
       4.71120987e+01, 3.99836884e+01, 8.58939972e+01, 3.61705780e+01,
       3.98898544e+01, 9.12737961e+01, 2.47662258e+01, 3.85194702e+01,
       9.32034836e+01, 2.48882656e+01, 3.45152702e+01, 8.88902893e+01,
       -3.08736439e+01, 3.51143646e+01, 8.86266403e+01, -1.77484875e+01,
       2.57046070e+01, 8.21821899e+01, -2.48948135e+01, 3.02869644e+01,
       8.64022751e+01, -3.11072044e+01, 3.18908787e+01, 8.71862335e+01,
       -3.64213943e+01, 2.99338188e+01, 8.46628265e+01, -4.05495491e+01,
       2.65766239e+01, 7.96957855e+01, -3.44831314e+01, 2.30333118e+01,
       8.08601608e+01, -2.93459511e+01, 2.24116402e+01, 8.13076859e+01,
       -2.32012138e+01, 2.34849091e+01, 8.17977905e+01, -3.14793167e+01,
       2.71367626e+01, 8.43650284e+01, 2.11631088e+01, 2.70008183e+01,
       8.08565826e+01, 1.39510126e+01, 2.42524757e+01, 8.47776718e+01,
       1.86043587e+01, 2.94479027e+01, 8.40046921e+01, 2.45900154e+01,
       3.15260296e+01, 8.55420990e+01, 2.96587715e+01, 2.99326153e+01,
       8.46726303e+01, 3.48369942e+01, 2.62862949e+01, 8.20603180e+01,
       2.88457546e+01, 2.36902161e+01, 8.01256866e+01, 2.36640186e+01,
       2.20677910e+01, 7.94925156e+01, 1.86032619e+01, 2.24703999e+01,
       8.08291092e+01, 1.58612757e+01, 5.03181601e+00, 9.36182327e+01,
       5.81557178e+00, 2.19935989e+00, 1.12071121e+02, -6.61617994e+00,
       3.42101622e+00, 1.02121536e+02, -6.34803867e+00, -1.69362068e+01,
       1.06371857e+02, 1.14356585e+01, -1.07098656e+01, 1.15665138e+02,
       1.96709499e+01, -1.54706793e+01, 9.44360657e+01, 2.80062103e+01,
       -1.09724245e+01, 8.54943237e+01, 2.28208714e+01, -1.81185341e+01,
       8.83075409e+01, 8.17857742e+00, -2.26237087e+01, 1.01921249e+02,
       -1.32066193e+01, -1.93621845e+01, 9.38206482e+01, -1.95021343e+01,
       -1.29753485e+01, 8.79600372e+01, -2.58772182e+01, -4.37602577e+01,
       8.94406433e+01, -1.26626768e+01, -3.62624550e+01, 9.76099319e+01,
       6.92126513e-01, -3.45710678e+01, 1.02297081e+02, 8.22800541e+00,
       -3.49830055e+01, 1.01036469e+02, 1.52321224e+01, -3.33636360e+01,
       9.70789490e+01, 2.37310505e+01, -3.56251755e+01, 9.24197464e+01,
       3.07007351e+01, -4.35551987e+01, 8.77706146e+01, 1.94466038e+01,
       -4.14144745e+01, 9.34138107e+01, 7.44862604e+00, -4.15285301e+01,
       9.89583130e+01, -7.38029099e+00, -4.14130554e+01, 9.80178299e+01,
       -7.33209515e+00, -4.35648460e+01, 9.70803604e+01, 6.72278833e+00,
       -4.42333221e+01, 9.79090347e+01, 1.87440643e+01, -4.30651627e+01,
       9.30107651e+01, 2.56545067e+01, -4.92446251e+01, 8.79512482e+01,
       1.74442654e+01, -5.20125618e+01, 9.20318985e+01, 7.29900599e+00,
       -5.24418411e+01, 9.55281296e+01, -5.30267954e+00, -5.24386787e+01,
       9.55023270e+01, -1.66944733e+01, -4.97149239e+01, 9.17815170e+01 ]
