%YAML:1.0
---
# Face tracker type: 0(Unknown) 1(ASM) 2(MT)
TrackerType: 1
ImageSize: [ 4096, 4096 ]
# Face feature points in image space. Invalid points have zero coordinates
Point2f: !!opencv-matrix
   rows: 1
   cols: 77
   dt: "2f"
   data: [ 1.50826672e+03, 1.16184302e+03, 1.50186670e+03,
       1.30399329e+03, 1.51466675e+03, 1.43725916e+03, 1.53813342e+03,
       1.61050476e+03, 1.66186670e+03, 1.83261438e+03, 1.89013342e+03,
       1.96143811e+03, 2.05226685e+03, 1.99253345e+03, 2.21440015e+03,
       1.98364905e+03, 2.40853345e+03, 1.89036304e+03, 2.53226685e+03,
       1.65048450e+03, 2.55573340e+03, 1.47723889e+03, 2.56853345e+03,
       1.31731982e+03, 2.56213354e+03, 1.14851648e+03, 2.29973340e+03,
       6.33221985e+02, 2.06506689e+03, 5.88800049e+02, 1.82186682e+03,
       6.46548523e+02, 1.83466675e+03, 9.47200073e+02, 1.72800012e+03,
       9.51466736e+02, 1.64693347e+03, 1.03680005e+03, 1.73226672e+03,
       1.00693341e+03, 1.83040015e+03, 1.00693341e+03, 1.93706677e+03,
       1.01120007e+03, 2.13333350e+03, 1.00266675e+03, 2240.,
       9.42933411e+02, 2.35946680e+03, 9.47200073e+02, 2.46613354e+03,
       1024., 2.35520020e+03, 9.94133362e+02, 2.24426685e+03,
       9.98400024e+02, 2.28266675e+03, 1.04533337e+03, 1.80053345e+03,
       1.05813342e+03, 1.89440015e+03, 1.13066675e+03, 1.84746680e+03,
       1.10080005e+03, 1.79626672e+03, 1088., 1.75786670e+03,
       1.10506677e+03, 1.71946680e+03, 1.14346667e+03, 1.76213342e+03,
       1.16053345e+03, 1.80480005e+03, 1.16906677e+03, 1.84746680e+03,
       1.15626672e+03, 1.79626672e+03, 1.12640002e+03, 2.27413354e+03,
       1.11360010e+03, 2.19306689e+03, 1.12640002e+03, 2240.,
       1.09226672e+03, 2.28266675e+03, 1.07946667e+03, 2.32960010e+03,
       1.09653345e+03, 2.37653345e+03, 1.13066675e+03, 2.32960010e+03,
       1152., 2.28266675e+03, 1.16053345e+03, 2240., 1152., 2112.,
       1.23306677e+03, 2.04373340e+03, 1.22880005e+03, 1.97120007e+03,
       1.22453345e+03, 1.97120007e+03, 1.35253345e+03, 2.02240015e+03,
       1.28853345e+03, 2.09920020e+03, 1.35253345e+03, 2.18453345e+03,
       1.33546680e+03, 2.14613354e+03, 1.40373340e+03, 2.03946680e+03,
       1.40800012e+03, 1.94560010e+03, 1.40800012e+03, 1.91146680e+03,
       1.33973340e+03, 1.88586682e+03, 1.60853345e+03, 1.94133337e+03,
       1.56586670e+03, 2.00106677e+03, 1.53600012e+03, 2.04373340e+03,
       1.54453345e+03, 2.09493335e+03, 1.54026672e+03, 2.16320020e+03,
       1.56586670e+03, 2.24853345e+03, 1.61280005e+03, 2.13333350e+03,
       1.58293347e+03, 2048., 1.57866675e+03, 1.97120007e+03,
       1.58293347e+03, 1.97120007e+03, 1.59146680e+03, 2048.,
       1.60000012e+03, 2.13333350e+03, 1.59573340e+03, 2.18453345e+03,
       1.64266675e+03, 2.12053345e+03, 1.64693347e+03, 2048.,
       1.64693347e+03, 1.98400012e+03, 1.64266675e+03, 1.93280005e+03,
       1.63413342e+03 ]
# Face feature points in 3d object space. Invalid points have zero coordinates
Point3f: !!opencv-matrix
   rows: 1
   cols: 77
   dt: "3f"
   data: [ -5.84957848e+01, 1.81329193e+01, 7.12305527e+01,
       -5.93213425e+01, 3.70279163e-01, 6.81964874e+01, -5.87358398e+01,
       -1.66283169e+01, 6.81709671e+01, -5.48641052e+01, -3.83907776e+01,
       6.54036331e+01, -4.49000015e+01, -6.73023300e+01, 7.00894165e+01,
       -2.35751762e+01, -8.56469650e+01, 8.56420593e+01, 6.88723564e-01,
       -9.07477646e+01, 9.48755569e+01, 2.50042400e+01, -8.84847946e+01,
       8.56763763e+01, 4.93300362e+01, -7.34721375e+01, 6.03357277e+01,
       6.41735229e+01, -4.17026787e+01, 5.08365097e+01, 6.73123398e+01,
       -1.97145691e+01, 5.17660980e+01, 6.92280121e+01, 4.65206832e-01,
       5.35765572e+01, 6.67318192e+01, 2.18293152e+01, 5.49726372e+01,
       2.57526951e+01, 8.68775711e+01, 7.44848633e+01, 1.72938383e+00,
       9.25923233e+01, 7.79073792e+01, -2.38914127e+01, 8.48869019e+01,
       7.70085144e+01, -2.97942238e+01, 4.09069595e+01, 9.34528275e+01,
       -4.32506523e+01, 4.11840248e+01, 8.65806961e+01, -5.39746170e+01,
       3.05716515e+01, 8.06995850e+01, -4.35116768e+01, 3.37083969e+01,
       8.74620590e+01, -3.00273056e+01, 3.32343979e+01, 9.13224258e+01,
       -1.52279072e+01, 3.24287300e+01, 9.32684708e+01, 1.16690416e+01,
       3.35436440e+01, 9.34194641e+01, 2.67119961e+01, 4.14303246e+01,
       9.38059540e+01, 4.23119316e+01, 4.16449661e+01, 8.74422684e+01,
       5.55484543e+01, 3.24883499e+01, 7.89361267e+01, 4.23346138e+01,
       3.53364868e+01, 8.80490875e+01, 2.71157608e+01, 3.42613754e+01,
       9.21895905e+01, 3.19455547e+01, 2.84185390e+01, 8.90040741e+01,
       -3.37318420e+01, 2.67835636e+01, 8.84730988e+01, -1.94016438e+01,
       1.77476273e+01, 8.35997086e+01, -2.62939167e+01, 2.14181404e+01,
       8.60149765e+01, -3.43146210e+01, 2.28935070e+01, 8.78458786e+01,
       -3.96328506e+01, 2.08198128e+01, 8.62723618e+01, -4.39294434e+01,
       1.62132797e+01, 8.22491608e+01, -3.83578682e+01, 1.37202053e+01,
       8.40912323e+01, -3.24524536e+01, 1.24667301e+01, 8.50687714e+01,
       -2.60153542e+01, 1.42670040e+01, 8.42535019e+01, -3.37459145e+01,
       1.80392132e+01, 8.58405075e+01, 3.01110764e+01, 1.96785240e+01,
       8.63361969e+01, 1.83377495e+01, 1.82782078e+01, 8.38940887e+01,
       2.52315445e+01, 2.24843464e+01, 8.65626221e+01, 3.18821526e+01,
       2.39726124e+01, 8.82884521e+01, 3.85250702e+01, 2.18784981e+01,
       8.68812485e+01, 4.38956413e+01, 1.78956738e+01, 8.23939590e+01,
       3.77547340e+01, 1.48241463e+01, 8.43315506e+01, 3.12304897e+01,
       1.35757837e+01, 8.52674713e+01, 2.48803005e+01, 1.48091555e+01,
       8.44536438e+01, 1.04760723e+01, 1.23428822e+00, 1.07315689e+02,
       -7.54107893e-01, 7.13785350e-01, 1.16170425e+02, -1.17372847e+01,
       3.22806048e+00, 1.00308914e+02, -1.27445803e+01, -1.45583363e+01,
       1.06699509e+02, -4.65582132e+00, -7.50237417e+00, 1.18467300e+02,
       8.62108517e+00, -1.47853613e+01, 1.08548508e+02, 2.04231663e+01,
       -1.09120350e+01, 9.54651794e+01, 1.51421432e+01, -2.03013153e+01,
       9.80851288e+01, -1.40006316e+00, -2.17276611e+01, 1.05086197e+02,
       -1.57138424e+01, -2.07846909e+01, 9.74063263e+01, -2.02901020e+01,
       -1.13940516e+01, 9.47752762e+01, -2.33747177e+01, -4.61507034e+01,
       8.70627518e+01, -1.64166050e+01, -4.14689445e+01, 9.50889053e+01,
       -7.53494549e+00, -3.81755943e+01, 1.00575874e+02, -6.84273601e-01,
       -3.93006325e+01, 1.00507378e+02, 7.49538231e+00, -3.86670456e+01,
       9.99628525e+01, 1.73844948e+01, -4.12149734e+01, 9.30204544e+01,
       2.85133362e+01, -4.64300957e+01, 8.47226486e+01, 1.29586401e+01,
       -4.35799065e+01, 9.38189087e+01, 1.03657829e-08, -4.35735855e+01,
       9.83830414e+01, -1.18618746e+01, -4.37980309e+01, 9.55953979e+01,
       -1.17890005e+01, -4.48396072e+01, 9.48471832e+01, -1.70928551e-08,
       -4.62164421e+01, 9.68293762e+01, 1.28868504e+01, -4.51883698e+01,
       9.30720062e+01, 1.97225037e+01, -5.07084274e+01, 8.72576828e+01,
       1.11290703e+01, -5.20982704e+01, 9.39614182e+01, -8.98208370e-08,
       -5.23176079e+01, 9.57477646e+01, -9.80269432e+00, -5.15299911e+01,
       9.39487839e+01, -1.69063282e+01, -4.98215637e+01, 8.92659683e+01 ]
