%YAML:1.0
---
# Ear tracker type: 0 (ET_32)
TrackerType: 0
ImageSize: [ 4096, 4096 ]
# Ear feature points in image space. Invalid points have zero coordinates
Point2f: !!opencv-matrix
   rows: 1
   cols: 32
   dt: "2f"
   data: [ 9.82651855e+02, 1.27379199e+03, 8.87809387e+02,
       1.25004321e+03, 8.10832031e+02, 1.30705286e+03, 7.86111572e+02,
       1.39513318e+03, 8.06720947e+02, 1.47767041e+03, 8.49020630e+02,
       1.54779285e+03, 9.03604614e+02, 1.60389062e+03, 9.66052673e+02,
       1.63718530e+03, 1.02732800e+03, 1.66384839e+03, 1.10657471e+03,
       1.62446802e+03, 1.06480847e+03, 1.53479199e+03, 1.00582196e+03,
       1.52046301e+03, 9.15225525e+02, 1.50467029e+03, 9.16672607e+02,
       1.41825854e+03, 9.66184998e+02, 1.37563843e+03, 1.02656018e+03,
       1.42805444e+03, 3.07515503e+03, 1.27841724e+03, 3.16573584e+03,
       1.23593848e+03, 3.24777954e+03, 1.27395789e+03, 3.27780835e+03,
       1.35898743e+03, 3.26146484e+03, 1.44253210e+03, 3.22766943e+03,
       1.51433447e+03, 3.18305518e+03, 1.57365479e+03, 3.13008521e+03,
       1.61536841e+03, 3.07479248e+03, 1.64918042e+03, 2.99652246e+03,
       1.63012817e+03, 3.02733911e+03, 1.53073950e+03, 3.07983887e+03,
       1.50510107e+03, 3.16368042e+03, 1.47699988e+03, 3.15104053e+03,
       1.39653210e+03, 3.10306201e+03, 1.36038098e+03, 3.05062451e+03,
       1.42435510e+03 ]
# Ear feature points in 3d object space. Invalid points have zero coordinates
Point3f: !!opencv-matrix
   rows: 1
   cols: 32
   dt: "3f"
   data: [ -8.32422791e+01, 9.51224518e+00, -4.15866566e+00,
       -8.71724701e+01, 1.42278156e+01, -1.68730259e+01, -8.59034271e+01,
       8.06641293e+00, -2.83643646e+01, -8.30929642e+01, -3.14138699e+00,
       -3.23677979e+01, -7.98497314e+01, -1.44411030e+01,
       -2.96261940e+01, -7.86588211e+01, -2.43492985e+01,
       -2.47874928e+01, -7.83544769e+01, -3.25426750e+01,
       -1.87433128e+01, -7.77518082e+01, -3.78387642e+01,
       -1.16276960e+01, -7.19190598e+01, -4.22169762e+01,
       -4.81368399e+00, -6.93102264e+01, -3.80948639e+01, 4.21547365e+00,
       -7.47433090e+01, -2.58557262e+01, 1.54550755e+00, -7.80196609e+01,
       -2.31445789e+01, -5.03425789e+00, -8.21529465e+01,
       -1.96570072e+01, -1.63540039e+01, -7.39463730e+01,
       -8.53876400e+00, -1.34263067e+01, -7.72452164e+01,
       -3.62193227e+00, -7.36498308e+00, -7.56294174e+01,
       -1.13540154e+01, -1.09485328e+00, 8.30390244e+01, 8.31167793e+00,
       6.15638375e-01, 8.88336868e+01, 1.53886633e+01, -1.10691996e+01,
       8.87913589e+01, 1.18368244e+01, -2.32704487e+01, 8.76052170e+01,
       1.20706666e+00, -2.86812382e+01, 8.53154221e+01, -1.01023836e+01,
       -2.69503269e+01, 8.30252609e+01, -2.01446743e+01, -2.28368282e+01,
       8.02413940e+01, -2.86878872e+01, -1.74295177e+01, 8.03798676e+01,
       -3.49533157e+01, -1.15266371e+01, 7.58493042e+01, -4.02132835e+01,
       -5.26492167e+00, 7.35542221e+01, -3.88023453e+01, 3.85438013e+00,
       7.80764160e+01, -2.54073811e+01, 2.27792168e+00, 7.99642181e+01,
       -2.12824306e+01, -3.58194447e+00, 8.73886108e+01, -1.62147617e+01,
       -1.44554920e+01, 8.46837082e+01, -5.93555021e+00, -1.11245346e+01,
       7.84408722e+01, -2.00668669e+00, -4.01489353e+00, 7.66987534e+01,
       -1.11403494e+01, 1.16686082e+00 ]
