%YAML:1.0
---
# Ear tracker type: 0 (ET_32)
TrackerType: 0
ImageSize: [ 4096, 4096 ]
# Ear feature points in image space. Invalid points have zero coordinates
Point2f: !!opencv-matrix
   rows: 1
   cols: 32
   dt: "2f"
   data: [ 9.80767334e+02, 1.20015649e+03, 8.87024231e+02,
       1.15240552e+03, 8.00784119e+02, 1.18718958e+03, 7.75134399e+02,
       1.27209607e+03, 7.87490601e+02, 1.36142407e+03, 8.14949158e+02,
       1.44398865e+03, 8.56530823e+02, 1.51832178e+03, 9.16195923e+02,
       1.57524902e+03, 9.82675415e+02, 1.61388062e+03, 1.07536353e+03,
       1.58241492e+03, 1.02553455e+03, 1.47705505e+03, 9.60823181e+02,
       1.44508765e+03, 8.69676025e+02, 1.40597156e+03, 9.01937622e+02,
       1.32648267e+03, 9.55713623e+02, 1.29502393e+03, 1.00820227e+03,
       1.35306946e+03, 3.14190527e+03, 1.20965674e+03, 3.22430127e+03,
       1.14502722e+03, 3.31679517e+03, 1.16269958e+03, 3.35144751e+03,
       1.24134937e+03, 3.34501025e+03, 1.33038550e+03, 3.31857520e+03,
       1.41783057e+03, 3.27976294e+03, 1.49865576e+03, 3.22845312e+03,
       1.56505322e+03, 3.17001416e+03, 1.61249683e+03, 3.07206396e+03,
       1.59361328e+03, 3.11597021e+03, 1.48484229e+03, 3.17386768e+03,
       1.44412207e+03, 3.26265796e+03, 1.40082959e+03, 3.23245093e+03,
       1.31965320e+03, 3.17532153e+03, 1.29133618e+03, 3.12625684e+03,
       1.36441064e+03 ]
# Ear feature points in 3d object space. Invalid points have zero coordinates
Point3f: !!opencv-matrix
   rows: 1
   cols: 32
   dt: "3f"
   data: [ -8.14106445e+01, 3.98674278e+01, -5.52434802e-01,
       -9.43189240e+01, 4.79082718e+01, -1.43836803e+01, -9.65120544e+01,
       4.50977631e+01, -2.91227016e+01, -8.86437225e+01, 3.41317940e+01,
       -3.16623535e+01, -8.70771942e+01, 2.21344700e+01, -3.05853195e+01,
       -8.66171722e+01, 1.08083630e+01, -2.76583347e+01, -8.63308105e+01,
       3.39408636e-01, -2.28076744e+01, -8.53002090e+01, -8.13864136e+00,
       -1.53422604e+01, -8.21147385e+01, -1.42934332e+01,
       -7.00648880e+00, -7.44283752e+01, -1.15274334e+01, 4.50517607e+00,
       -7.62797852e+01, 2.95352507e+00, 5.43560088e-01, -7.53647003e+01,
       8.05135250e+00, -6.39313841e+00, -7.38123169e+01, 1.44470987e+01,
       -1.61673336e+01, -7.69019547e+01, 2.44539204e+01, -1.16767435e+01,
       -7.87062149e+01, 2.78032131e+01, -4.92309284e+00, -7.60076752e+01,
       1.94238567e+01, 5.28838813e-01, 8.02464066e+01, 3.90180817e+01,
       -3.91228437e+00, 8.54925690e+01, 4.89017563e+01, -1.44933176e+01,
       8.73570862e+01, 4.83067322e+01, -2.87649384e+01, 8.70775070e+01,
       3.86680794e+01, -3.53461761e+01, 8.70733795e+01, 2.68910694e+01,
       -3.57477951e+01, 8.71326141e+01, 1.49447708e+01, -3.30493927e+01,
       8.67972946e+01, 3.63910460e+00, -2.84072037e+01, 8.65462952e+01,
       -5.95837355e+00, -2.20696220e+01, 1.07740654e+02, -1.27584190e+01,
       -1.80112667e+01, 7.58799973e+01, -1.22757034e+01, -1.51477635e+00,
       7.83913422e+01, 2.60178137e+00, -5.01581287e+00, 7.60025406e+01,
       8.74405575e+00, -1.09903021e+01, 8.46557465e+01, 1.60561981e+01,
       -2.37098446e+01, 7.65609741e+01, 2.59159641e+01, -1.61961899e+01,
       7.89380493e+01, 2.88149509e+01, -9.17369843e+00, 7.77798309e+01,
       1.85060463e+01, -4.26497889e+00 ]
