%YAML:1.0
---
# Face tracker type: 0(Unknown) 1(ASM) 2(MT)
TrackerType: 1
ImageSize: [ 4096, 4096 ]
# Face feature points in image space. Invalid points have zero coordinates
Point2f: !!opencv-matrix
   rows: 1
   cols: 77
   dt: "2f"
   data: [ 1.48764453e+03, 1.23909717e+03, 1.48551111e+03,
       1.42537793e+03, 1.50684448e+03, 1.59391785e+03, 1.55377783e+03,
       1.78019861e+03, 1.69031116e+03, 1.97091479e+03, 1.91573340e+03,
       2.06849048e+03, 2.06506689e+03, 2.09066675e+03, 2.23146680e+03,
       2.05962012e+03, 2.40284448e+03, 1.93986804e+03, 2.53937769e+03,
       1.74915186e+03, 2.58631104e+03, 1.54956519e+03, 2.60764429e+03,
       1.38546069e+03, 2.60551099e+03, 1.21692090e+03, 2.31680005e+03,
       6.80254517e+02, 2.06080005e+03, 6.31466675e+02, 1.80480005e+03,
       6.89125061e+02, 1.85173340e+03, 1.06666675e+03, 1.74506677e+03,
       1.06666675e+03, 1.65120007e+03, 1.13066675e+03, 1.74933337e+03,
       1.12213342e+03, 1.84746680e+03, 1.12213342e+03, 1.95413342e+03,
       1.12213342e+03, 2.15893335e+03, 1.11786670e+03, 2.26133350e+03,
       1.06240002e+03, 2.37653345e+03, 1.05813342e+03, 2.47466675e+03,
       1.12640002e+03, 2.37653345e+03, 1.11360010e+03, 2.26986670e+03,
       1.11786670e+03, 2.31680005e+03, 1.13920007e+03, 1.80906677e+03,
       1.14346667e+03, 1.90293347e+03, 1.21173340e+03, 1.85600012e+03,
       1.17760010e+03, 1.80906677e+03, 1.16480005e+03, 1.76640015e+03,
       1.17760010e+03, 1.72373340e+03, 1.21173340e+03, 1.76640015e+03,
       1.23733337e+03, 1.81333337e+03, 1.24586670e+03, 1.85600012e+03,
       1.23733337e+03, 1.81760010e+03, 1.19893335e+03, 2.32960010e+03,
       1.19466675e+03, 2.22293335e+03, 1.20746667e+03, 2.26986670e+03,
       1.17333337e+03, 2.31680005e+03, 1.16053345e+03, 2.35946680e+03,
       1.17333337e+03, 2.40640015e+03, 1.20746667e+03, 2.35946680e+03,
       1.22880005e+03, 2.31680005e+03, 1.24160010e+03, 2.26986670e+03,
       1.22880005e+03, 2.12053345e+03, 1.38666675e+03, 2048.,
       1.38666675e+03, 1.97546680e+03, 1.39093335e+03, 1.97973340e+03,
       1.51893347e+03, 2.04373340e+03, 1.47200012e+03, 2.12053345e+03,
       1.51466675e+03, 2.18453345e+03, 1.47626672e+03, 2.15040015e+03,
       1.54880005e+03, 2048., 1.56586670e+03, 1.94986682e+03,
       1.54880005e+03, 1.91573340e+03, 1.47200012e+03, 1.90293347e+03,
       1.73653345e+03, 1.95413342e+03, 1.69386670e+03, 2.00960010e+03,
       1.67253345e+03, 2.05226685e+03, 1.67680005e+03, 2.09493335e+03,
       1.67253345e+03, 2.15893335e+03, 1.69386670e+03, 2.21866675e+03,
       1.73226672e+03, 2.12906689e+03, 1.71520007e+03, 2.05653345e+03,
       1.71093347e+03, 1.98400012e+03, 1.71946680e+03, 1.98400012e+03,
       1.71946680e+03, 2.05226685e+03, 1.72373340e+03, 2.12906689e+03,
       1.71520007e+03, 2.17173340e+03, 1.75786670e+03, 2.12053345e+03,
       1.77493347e+03, 2.05653345e+03, 1.77920007e+03, 1.99253345e+03,
       1.77920007e+03, 1.94133337e+03, 1.76640015e+03 ]
# Face feature points in 3d object space. Invalid points have zero coordinates
Point3f: !!opencv-matrix
   rows: 1
   cols: 77
   dt: "3f"
   data: [ -6.18147850e+01, 3.03522778e+01, 5.98030624e+01,
       -6.39313812e+01, 6.57822990e+00, 5.95719566e+01, -6.16776199e+01,
       -1.49481182e+01, 5.94972801e+01, -5.65280190e+01, -3.89380951e+01,
       6.10248108e+01, -4.13124046e+01, -6.42581635e+01, 6.87694931e+01,
       -1.86130466e+01, -7.82942963e+01, 8.15413742e+01, 2.50120711e+00,
       -8.17003021e+01, 8.62030334e+01, 2.56153927e+01, -7.69493332e+01,
       7.98186874e+01, 4.84143219e+01, -5.97836304e+01, 6.46364975e+01,
       6.19816055e+01, -3.44284630e+01, 5.66059761e+01, 6.63302155e+01,
       -8.85025311e+00, 5.59901123e+01, 6.76660995e+01, 1.20333548e+01,
       5.66839371e+01, 6.44520111e+01, 3.33941460e+01, 5.81070099e+01,
       2.97062569e+01, 1.01198952e+02, 8.08498535e+01, 1.48910093e+00,
       1.08189407e+02, 8.96829987e+01, -2.87625046e+01, 1.00311989e+02,
       8.63562775e+01, -2.72284470e+01, 4.59893532e+01, 9.39952545e+01,
       -4.08756866e+01, 4.67390862e+01, 8.78891602e+01, -5.13236885e+01,
       3.93270950e+01, 7.90210114e+01, -4.06949806e+01, 3.93612633e+01,
       8.79739532e+01, -2.72870541e+01, 3.89507599e+01, 9.13172073e+01,
       -1.29760380e+01, 3.85114784e+01, 9.48948746e+01, 1.53786278e+01,
       3.90692749e+01, 9.49675522e+01, 2.95724316e+01, 4.66174126e+01,
       9.34957123e+01, 4.40356827e+01, 4.80610733e+01, 8.63536758e+01,
       5.50259438e+01, 4.01203690e+01, 7.71759033e+01, 4.43109360e+01,
       4.07422485e+01, 8.59579239e+01, 3.01360855e+01, 3.96050987e+01,
       9.06036835e+01, 3.57908783e+01, 3.72129173e+01, 8.70083923e+01,
       -3.20165939e+01, 3.64618950e+01, 8.85093994e+01, -1.72011585e+01,
       2.84293365e+01, 8.00797577e+01, -2.44419689e+01, 3.23405342e+01,
       8.51503906e+01, -3.14181175e+01, 3.38603630e+01, 8.66191788e+01,
       -3.68713646e+01, 3.24129486e+01, 8.45606003e+01, -4.08400192e+01,
       2.85268593e+01, 7.92854996e+01, -3.52385902e+01, 2.50282822e+01,
       8.00855484e+01, -2.92015285e+01, 2.37717381e+01, 8.10880661e+01,
       -2.34201679e+01, 2.49347401e+01, 8.08473434e+01, -2.93299599e+01,
       2.96796455e+01, 8.37435760e+01, 3.59084473e+01, 3.04342728e+01,
       8.22132645e+01, 2.07256355e+01, 2.90663452e+01, 7.95073166e+01,
       2.78094501e+01, 3.31478119e+01, 8.31912689e+01, 3.51536903e+01,
       3.45989151e+01, 8.52197723e+01, 4.07623672e+01, 3.31245117e+01,
       8.33810120e+01, 4.54469299e+01, 2.92137775e+01, 7.83066025e+01,
       3.90012856e+01, 2.62810097e+01, 7.91140900e+01, 3.30938377e+01,
       2.45649834e+01, 7.92431793e+01, 2.65309696e+01, 2.63298035e+01,
       7.87166748e+01, 1.12845182e+01, 2.49403024e+00, 1.02066292e+02,
       -6.13821598e-08, 1.23531067e+00, 1.12317741e+02, -1.08359356e+01,
       2.42503119e+00, 9.80126724e+01, -1.08500547e+01, -1.50852375e+01,
       1.02154388e+02, -7.69684732e-01, -1.06946468e+01, 1.17167480e+02,
       1.17997227e+01, -1.48171635e+01, 1.04586700e+02, 1.99948673e+01,
       -8.38548660e+00, 9.37453003e+01, 1.54291315e+01, -1.82846375e+01,
       9.59022217e+01, 5.85988005e-08, -2.15506248e+01, 1.04039131e+02,
       -1.44897881e+01, -1.80544987e+01, 9.40279160e+01, -1.86996937e+01,
       -7.44060802e+00, 9.06654510e+01, -2.16239338e+01, -4.26244926e+01,
       9.10480728e+01, -1.47209091e+01, -3.77682838e+01, 9.76534271e+01,
       -6.24913597e+00, -3.55175514e+01, 1.02400673e+02, 6.97035730e-01,
       -3.61406746e+01, 1.02859978e+02, 7.65507317e+00, -3.55392952e+01,
       1.02577759e+02, 1.75022717e+01, -3.78083649e+01, 9.79798737e+01,
       2.51002712e+01, -4.18360252e+01, 8.92421570e+01, 1.27160110e+01,
       -4.05841942e+01, 9.75091782e+01, 1.36786246e+00, -4.03625793e+01,
       1.00319855e+02, -1.00271530e+01, -4.11521378e+01, 9.75191193e+01,
       -1.00271530e+01, -4.11521378e+01, 9.75191193e+01, 6.75699532e-01,
       -4.18847656e+01, 9.88702850e+01, 1.27160110e+01, -4.05841942e+01,
       9.75091782e+01, 1.84327621e+01, -4.54625053e+01, 9.10838547e+01,
       1.11601591e+01, -4.81762733e+01, 9.47233353e+01, 1.33016443e+00,
       -4.89445381e+01, 9.63647385e+01, -8.53390980e+00, -4.87550850e+01,
       9.48217773e+01, -1.58790512e+01, -4.66074638e+01, 9.11776123e+01 ]
