%YAML:1.0
---
# Ear tracker type: 0 (ET_32)
TrackerType: 0
ImageSize: [ 4096, 4096 ]
# Ear feature points in image space. Invalid points have zero coordinates
Point2f: !!opencv-matrix
   rows: 1
   cols: 32
   dt: "2f"
   data: [ 9.89395630e+02, 1.24828442e+03, 9.04969482e+02,
       1.20595325e+03, 8.23027405e+02, 1.23600757e+03, 7.91530273e+02,
       1.31890906e+03, 8.00919373e+02, 1.41273120e+03, 8.29673950e+02,
       1.50465649e+03, 8.71923584e+02, 1.58609241e+03, 9.31741882e+02,
       1.64584326e+03, 9.97960449e+02, 1.67808020e+03, 1.07425366e+03,
       1.63425049e+03, 1.03379346e+03, 1.54088086e+03, 9.84030762e+02,
       1.51152332e+03, 9.06736938e+02, 1.47480347e+03, 9.25698425e+02,
       1.39041089e+03, 9.72273926e+02, 1.35814600e+03, 1.01384973e+03,
       1.41934985e+03, 3.08385352e+03, 1.20453735e+03, 3.19012622e+03,
       1.14732007e+03, 3.28891895e+03, 1.18606201e+03, 3.31727588e+03,
       1.27981836e+03, 3.29948193e+03, 1.37690210e+03, 3.26539209e+03,
       1.46595337e+03, 3.22019873e+03, 1.53799841e+03, 3.16542725e+03,
       1.59758044e+03, 3.10170215e+03, 1.63437817e+03, 3.01351782e+03,
       1.60418958e+03, 3.04634717e+03, 1.50450500e+03, 3.10832617e+03,
       1.46702344e+03, 3.19095557e+03, 1.42210352e+03, 3.17099561e+03,
       1.33849512e+03, 3.12075537e+03, 1.30662207e+03, 3.07448608e+03,
       1.38125000e+03 ]
# Ear feature points in 3d object space. Invalid points have zero coordinates
Point3f: !!opencv-matrix
   rows: 1
   cols: 32
   dt: "3f"
   data: [ -9.28989639e+01, 2.26479645e+01, -2.19216204e+00,
       -9.68232574e+01, 2.97643909e+01, -1.43578024e+01, -9.28556595e+01,
       2.72564487e+01, -2.64444199e+01, -9.27997971e+01, 1.70180683e+01,
       -3.27408371e+01, -9.24496689e+01, 4.54142618e+00, -3.26217384e+01,
       -9.07338867e+01, -8.10325432e+00, -2.90820827e+01,
       -9.06560211e+01, -1.95317154e+01, -2.41005993e+01,
       -8.57837143e+01, -2.84859562e+01, -1.58114176e+01,
       -7.66488113e+01, -3.38204346e+01, -7.23892260e+00,
       -7.59138794e+01, -2.91731014e+01, 2.32572174e+00, -7.89810867e+01,
       -1.63853874e+01, -8.16351295e-01, -7.67155838e+01,
       -1.18252974e+01, -6.19684458e+00, -9.65466995e+01,
       -5.45473576e+00, -1.83581333e+01, -9.46337967e+01, 5.20109367e+00,
       -1.38486090e+01, -8.58889236e+01, 8.50297356e+00, -5.83662796e+00,
       -8.00203018e+01, -1.86193958e-01, -1.27826846e+00, 7.87869720e+01,
       2.79454746e+01, 1.98775518e+00, 8.57723236e+01, 3.71730690e+01,
       -1.12683554e+01, 9.02710648e+01, 3.39904709e+01, -2.72584572e+01,
       9.16191940e+01, 2.23312721e+01, -3.37257690e+01, 9.09847717e+01,
       9.25075817e+00, -3.22168579e+01, 8.99608536e+01, -3.08495235e+00,
       -2.80845604e+01, 8.76453934e+01, -1.33926668e+01, -2.20719261e+01,
       8.28320007e+01, -2.22033901e+01, -1.47690668e+01, 7.56713867e+01,
       -2.80547256e+01, -6.92075539e+00, 7.45689240e+01, -2.53423824e+01,
       3.64634919e+00, 7.70802841e+01, -1.18507128e+01, 1.60247397e+00,
       7.40448914e+01, -6.07292986e+00, -4.90700674e+00, 7.37253113e+01,
       9.59584892e-01, -1.35887194e+01, 7.62819138e+01, 1.16647491e+01,
       -1.03292456e+01, 7.83104706e+01, 1.51278486e+01, -4.05441141e+00,
       7.72794342e+01, 4.68336248e+00, 2.78104663e-01 ]
