%YAML:1.0
---
# Ear tracker type: 0 (ET_32)
TrackerType: 0
ImageSize: [ 4096, 4096 ]
# Ear feature points in image space. Invalid points have zero coordinates
Point2f: !!opencv-matrix
   rows: 1
   cols: 32
   dt: "2f"
   data: [ 9.80962280e+02, 1.43216907e+03, 8.65832642e+02,
       1.42080688e+03, 7.88532227e+02, 1.48681909e+03, 7.81157837e+02,
       1.58126770e+03, 8.23008057e+02, 1.66718005e+03, 8.81731567e+02,
       1.73362793e+03, 9.46557922e+02, 1.79076270e+03, 1.01962103e+03,
       1.82797900e+03, 1.09765271e+03, 1.83719153e+03, 1.16431396e+03,
       1.75662158e+03, 1.09679907e+03, 1.68833533e+03, 1.03020581e+03,
       1.68341833e+03, 9.49094482e+02, 1.66659326e+03, 9.48371948e+02,
       1.58287976e+03, 9.79137695e+02, 1.53694812e+03, 1.04250439e+03,
       1.57702734e+03, 3.03901099e+03, 1.39685803e+03, 3.14470508e+03,
       1.36597986e+03, 3.22524902e+03, 1.41708203e+03, 3.24028979e+03,
       1.51224487e+03, 3.21720361e+03, 1.60205933e+03, 3.17756494e+03,
       1.67816223e+03, 3.12876733e+03, 1.74250513e+03, 3.06840088e+03,
       1.78439343e+03, 3.00508179e+03, 1.80618579e+03, 2.93117261e+03,
       1.76180969e+03, 2.97551221e+03, 1.67199512e+03, 3.04006567e+03,
       1.65427466e+03, 3.12184302e+03, 1.62062524e+03, 3.09591626e+03,
       1.53895032e+03, 3.05740161e+03, 1.50328882e+03, 3.00761841e+03,
       1.55577710e+03 ]
# Ear feature points in 3d object space. Invalid points have zero coordinates
Point3f: !!opencv-matrix
   rows: 1
   cols: 32
   dt: "3f"
   data: [ -8.29189682e+01, 1.48216639e+01, -3.70346975e+00,
       -8.16658707e+01, 1.81035976e+01, -1.81413803e+01, -8.01606216e+01,
       1.06929560e+01, -2.91973438e+01, -7.93565445e+01, -1.57740903e+00,
       -3.14358768e+01, -8.08679886e+01, -1.34597454e+01,
       -2.76004028e+01, -8.40187073e+01, -2.30225582e+01,
       -2.15994663e+01, -8.36065750e+01, -3.15534687e+01,
       -1.39282274e+01, -8.17581558e+01, -3.75725479e+01,
       -5.16665125e+00, -7.67773514e+01, -3.99066353e+01, 3.87707162e+00,
       -7.15890961e+01, -3.02095261e+01, 1.20594625e+01, -7.23465347e+01,
       -2.03553467e+01, 5.67449093e+00, -7.43566284e+01, -1.88095074e+01,
       -1.59631312e+00, -8.27805176e+01, -1.53572950e+01,
       -1.15112734e+01, -8.19255905e+01, -4.40393305e+00,
       -1.01596613e+01, -7.36552429e+01, 1.06156671e+00, -4.98457956e+00,
       -7.18910294e+01, -5.05039120e+00, 1.43642104e+00, 8.36427917e+01,
       1.82578259e+01, 6.50991201e+00, 8.88346329e+01, 2.40270863e+01,
       -7.07341671e+00, 9.23578949e+01, 1.88235531e+01, -1.99754524e+01,
       9.50813141e+01, 6.73498249e+00, -2.44673347e+01, 9.61446686e+01,
       -5.42325830e+00, -2.26060009e+01, 9.72804337e+01, -1.60986900e+01,
       -1.79882145e+01, 9.13824310e+01, -2.54826851e+01, -1.11665363e+01,
       8.88086472e+01, -3.19959202e+01, -3.43457341e+00, 8.77655563e+01,
       -3.58895874e+01, 4.70222902e+00, 8.15885086e+01, -3.11630268e+01,
       1.42128029e+01, 8.07177124e+01, -1.86951694e+01, 9.82999229e+00,
       8.06131821e+01, -1.53913307e+01, 2.09200835e+00, 8.00753708e+01,
       -9.75896740e+00, -7.37868500e+00, 8.13252411e+01, 5.44648290e-01,
       -2.94046426e+00, 8.22893600e+01, 4.62268400e+00, 2.42448306e+00,
       8.15407257e+01, -3.00557709e+00, 7.77086592e+00 ]
