%YAML:1.0
---
# Face tracker type: 0(Unknown) 1(ASM) 2(MT)
TrackerType: 1
ImageSize: [ 4096, 4096 ]
# Face feature points in image space. Invalid points have zero coordinates
Point2f: !!opencv-matrix
   rows: 1
   cols: 77
   dt: "2f"
   data: [ 1.50400012e+03, 1.35341956e+03, 1.49120007e+03,
       1.51737610e+03, 1.50400012e+03, 1.67690137e+03, 1.52960010e+03,
       1.88073914e+03, 1.65973340e+03, 2.11559570e+03, 1.91573340e+03,
       2.23080835e+03, 2.07360010e+03, 2.24853345e+03, 2.25280005e+03,
       2.22194604e+03, 2.43626685e+03, 2.09343945e+03, 2.56640015e+03,
       1.83199536e+03, 2.59200024e+03, 1.64588269e+03, 2.60480005e+03,
       1.49078857e+03, 2.59200024e+03, 1.32683215e+03, 2.29546680e+03,
       8.03943848e+02, 2.04373340e+03, 7.55200012e+02, 1.80053345e+03,
       8.08375122e+02, 1.87733337e+03, 1.14346667e+03, 1.77066675e+03,
       1.14346667e+03, 1.68106677e+03, 1.22026672e+03, 1.77493347e+03,
       1.19893335e+03, 1.86880005e+03, 1.19893335e+03, 1.97120007e+03,
       1.19893335e+03, 2.15893335e+03, 1.19893335e+03, 2.26560010e+03,
       1.13920007e+03, 2.38506689e+03, 1.14346667e+03, 2.48320020e+03,
       1.22453345e+03, 2.38080005e+03, 1.19893335e+03, 2.26986670e+03,
       1.19893335e+03, 2.31680005e+03, 1.23733337e+03, 1.82186682e+03,
       1.23733337e+03, 1.91573340e+03, 1.30986670e+03, 1.86880005e+03,
       1.28000012e+03, 1.82186682e+03, 1.26720007e+03, 1.77920007e+03,
       1.28426672e+03, 1.74080005e+03, 1.32266675e+03, 1.78346680e+03,
       1.34400012e+03, 1.82613342e+03, 1.34826672e+03, 1.87306677e+03,
       1.33546680e+03, 1.82613342e+03, 1.30560010e+03, 2.32106689e+03,
       1.29706677e+03, 2.22720020e+03, 1.30986670e+03, 2.27413354e+03,
       1.27573340e+03, 2.32106689e+03, 1.26293335e+03, 2.36373340e+03,
       1.27573340e+03, 2.40640015e+03, 1.31840002e+03, 2.36373340e+03,
       1.33546680e+03, 2.31680005e+03, 1.34400012e+03, 2.26986670e+03,
       1.33546680e+03, 2.12480005e+03, 1.43360010e+03, 2.05653345e+03,
       1.42933337e+03, 1.98400012e+03, 1.42933337e+03, 1.98400012e+03,
       1.56586670e+03, 2.03946680e+03, 1.49333337e+03, 2.11626685e+03,
       1.56586670e+03, 2.19733350e+03, 1.54880005e+03, 2.15466675e+03,
       1.62133337e+03, 2048., 1.61706677e+03, 1.96266675e+03,
       1.62133337e+03, 1.92426672e+03, 1.54880005e+03, 1.90720007e+03,
       1.85173340e+03, 1.95413342e+03, 1.79200012e+03, 2.00960010e+03,
       1.76213342e+03, 2.05653345e+03, 1.76640015e+03, 2.10346680e+03,
       1.76213342e+03, 2.16746680e+03, 1.79200012e+03, 2.23573340e+03,
       1.85173340e+03, 2.13760010e+03, 1.80906677e+03, 2.05653345e+03,
       1.80480005e+03, 1.98400012e+03, 1.80906677e+03, 1.98826672e+03,
       1.82613342e+03, 2.05653345e+03, 1.83040015e+03, 2.13760010e+03,
       1.82613342e+03, 2.18026685e+03, 1.87306677e+03, 2.12480005e+03,
       1.87733337e+03, 2.05653345e+03, 1.87733337e+03, 1.99680005e+03,
       1.87733337e+03, 1.94986682e+03, 1.87306677e+03 ]
# Face feature points in 3d object space. Invalid points have zero coordinates
Point3f: !!opencv-matrix
   rows: 1
   cols: 77
   dt: "3f"
   data: [ -5.55191116e+01, 2.00461750e+01, 6.29726334e+01,
       -5.86351891e+01, -7.23796070e-01, 6.13533134e+01, -5.78474007e+01,
       -2.10172081e+01, 6.04683380e+01, -5.42819786e+01, -4.70269241e+01,
       5.99829483e+01, -3.94432983e+01, -7.73798828e+01, 6.25612335e+01,
       -1.82906380e+01, -9.40143127e+01, 7.80322571e+01, 3.95228553e+00,
       -9.76715088e+01, 8.93552475e+01, 2.99252052e+01, -9.32867355e+01,
       8.13377991e+01, 5.46973877e+01, -7.39940948e+01, 5.80641403e+01,
       6.90154648e+01, -3.96518211e+01, 5.06891251e+01, 7.17668304e+01,
       -1.61032829e+01, 5.27568054e+01, 7.23989334e+01, 3.64771509e+00,
       5.34438095e+01, 6.93828430e+01, 2.43147659e+01, 5.59013557e+01,
       2.76271915e+01, 8.83809967e+01, 8.06199646e+01, -4.62072670e-01,
       9.43747940e+01, 8.27165222e+01, -2.60616169e+01, 8.81164627e+01,
       7.66338806e+01, -2.41348763e+01, 4.09541092e+01, 9.57775650e+01,
       -3.80804825e+01, 4.16886368e+01, 8.97952881e+01, -4.74810181e+01,
       3.27106476e+01, 7.98343506e+01, -3.76516113e+01, 3.43670883e+01,
       8.94217377e+01, -2.47906570e+01, 3.39607582e+01, 9.27310333e+01,
       -1.06006975e+01, 3.37579918e+01, 9.43824234e+01, 1.56428127e+01,
       3.35787277e+01, 9.58424149e+01, 3.13181686e+01, 4.14829941e+01,
       9.60857239e+01, 4.75734749e+01, 4.17356758e+01, 8.94122009e+01,
       5.79595757e+01, 3.23633575e+01, 7.80472107e+01, 4.63359528e+01,
       3.45898781e+01, 8.76072540e+01, 3.08170509e+01, 3.40675621e+01,
       9.18611679e+01, 3.61515541e+01, 2.95760174e+01, 8.69014816e+01,
       -3.05496368e+01, 2.93495464e+01, 8.87459335e+01, -1.65617218e+01,
       2.03462334e+01, 8.36068420e+01, -2.35528870e+01, 2.38877831e+01,
       8.70724411e+01, -3.01994667e+01, 2.55594444e+01, 8.73046417e+01,
       -3.53540611e+01, 2.36568317e+01, 8.43377991e+01, -3.86890717e+01,
       1.92285576e+01, 7.88627930e+01, -3.35927010e+01, 1.61618958e+01,
       8.07607422e+01, -2.81766376e+01, 1.54355021e+01, 8.20611649e+01,
       -2.20247974e+01, 1.70459976e+01, 8.27915268e+01, -2.90211678e+01,
       2.07279301e+01, 8.51137848e+01, 3.59067116e+01, 2.20036411e+01,
       8.39551544e+01, 2.23042622e+01, 2.05191822e+01, 8.21982956e+01,
       2.91115665e+01, 2.48095837e+01, 8.41805725e+01, 3.64802094e+01,
       2.63131199e+01, 8.57820435e+01, 4.25525093e+01, 2.47669983e+01,
       8.45274124e+01, 4.71554947e+01, 1.96626568e+01, 7.99429169e+01,
       4.10718575e+01, 1.72936687e+01, 8.07743912e+01, 3.42199440e+01,
       1.61565151e+01, 8.08045654e+01, 2.76826019e+01, 1.72804451e+01,
       8.08821030e+01, 1.25988340e+01, 9.93674934e-01, 1.07368423e+02,
       1.50242341e+00, 5.37645698e-01, 1.15698067e+02, -9.31554890e+00,
       2.99791980e+00, 9.56607590e+01, -1.05348825e+01, -1.63766651e+01,
       1.05754921e+02, -1.58213902e+00, -8.57908344e+00, 1.20713913e+02,
       1.20218182e+01, -1.72806320e+01, 1.13117157e+02, 2.29778461e+01,
       -1.31178017e+01, 9.76760101e+01, 1.70486393e+01, -2.31836987e+01,
       1.01190987e+02, 3.25212284e-07, -2.34696903e+01, 1.08135803e+02,
       -1.28829355e+01, -2.25248127e+01, 9.58247910e+01, -1.77196007e+01,
       -1.23484049e+01, 9.14097748e+01, -2.08137054e+01, -5.23087540e+01,
       8.91531906e+01, -1.49576712e+01, -4.55036964e+01, 9.83488388e+01,
       -6.40690947e+00, -4.22633896e+01, 1.04267822e+02, 1.43815386e+00,
       -4.29702950e+01, 1.05409538e+02, 9.34294033e+00, -4.23731995e+01,
       1.05162148e+02, 1.94390640e+01, -4.57136192e+01, 1.00058540e+02,
       2.81373997e+01, -5.23242035e+01, 8.92790375e+01, 1.46233273e+01,
       -4.80491829e+01, 1.00617729e+02, 1.41328382e+00, -4.77635269e+01,
       1.02906898e+02, -1.02692556e+01, -4.78714981e+01, 9.91706390e+01,
       -9.45577717e+00, -4.99391022e+01, 9.75475235e+01, 1.39129305e+00,
       -5.09086494e+01, 1.00828247e+02, 1.44835739e+01, -5.01592712e+01,
       9.93406601e+01, 2.06925812e+01, -5.57973938e+01, 9.44878693e+01,
       1.23578825e+01, -5.68221741e+01, 9.82184448e+01, 1.37833393e+00,
       -5.69293900e+01, 9.90916290e+01, -7.96673679e+00, -5.64341087e+01,
       9.50579453e+01, -1.45482750e+01, -5.52281837e+01, 8.98520508e+01 ]
