%YAML:1.0
---
# Face tracker type: 0(Unknown) 1(ASM) 2(MT)
TrackerType: 1
ImageSize: [ 4096, 4096 ]
# Face feature points in image space. Invalid points have zero coordinates
Point2f: !!opencv-matrix
   rows: 1
   cols: 77
   dt: "2f"
   data: [ 1.52888904e+03, 1.25851965e+03, 1.52462231e+03,
       1.40461621e+03, 1.53315564e+03, 1.54185840e+03, 1.55875574e+03,
       1.73222668e+03, 1.67608899e+03, 1.95801221e+03, 1.90293347e+03,
       2.06869141e+03, 2.06933350e+03, 2.08640015e+03, 2.23146680e+03,
       2.06869141e+03, 2.39715576e+03, 1.96243945e+03, 2.51448926e+03,
       1.72779956e+03, 2.54008911e+03, 1.53300403e+03, 2.54862256e+03,
       1.38248022e+03, 2.54435596e+03, 1.23195654e+03, 2.27413354e+03,
       7.18405029e+02, 2.03093347e+03, 6.74133362e+02, 1.79200012e+03,
       7.31686584e+02, 1.83040015e+03, 1.05813342e+03, 1.73226672e+03,
       1.07093335e+03, 1.66400012e+03, 1152., 1.74080005e+03,
       1.13066675e+03, 1.83040015e+03, 1.11786670e+03, 1.92426672e+03,
       1.10506677e+03, 2.12053345e+03, 1.10080005e+03, 2.21440015e+03,
       1.05386670e+03, 2.31680005e+03, 1.06240002e+03, 2.40640015e+03,
       1.13493335e+03, 2.31253345e+03, 1.11786670e+03, 2.21866675e+03,
       1.10933337e+03, 2.26986670e+03, 1.14773340e+03, 1.79200012e+03,
       1.16053345e+03, 1.87733337e+03, 1.22026672e+03, 1.83466675e+03,
       1.19466675e+03, 1.79200012e+03, 1.18186670e+03, 1.75360010e+03,
       1.19466675e+03, 1.71946680e+03, 1.23306677e+03, 1.75786670e+03,
       1.24586670e+03, 1.79626672e+03, 1.25013342e+03, 1.83893347e+03,
       1.24160010e+03, 1.79200012e+03, 1.21173340e+03, 2.26986670e+03,
       1.19893335e+03, 2.18880005e+03, 1.21173340e+03, 2.22720020e+03,
       1.18186670e+03, 2.26986670e+03, 1.16906677e+03, 2.31253345e+03,
       1.18186670e+03, 2.35093335e+03, 1.21600012e+03, 2.31253345e+03,
       1.23306677e+03, 2.26986670e+03, 1.24160010e+03, 2.22720020e+03,
       1.23306677e+03, 2.10346680e+03, 1.32693335e+03, 2.03520007e+03,
       1.32693335e+03, 1.96266675e+03, 1.32693335e+03, 1.96266675e+03,
       1.46773340e+03, 2.03093347e+03, 1.40373340e+03, 2112.,
       1.46346680e+03, 2.20160010e+03, 1.45493335e+03, 2.15466675e+03,
       1.51040002e+03, 2.04373340e+03, 1.51893347e+03, 1.93706677e+03,
       1.51466675e+03, 1.88586682e+03, 1.46773340e+03, 1.89440015e+03,
       1.72800012e+03, 1.95413342e+03, 1.67680005e+03, 2.00960010e+03,
       1.65120007e+03, 2.05226685e+03, 1.65546680e+03, 2.09920020e+03,
       1.65120007e+03, 2.16320020e+03, 1.67253345e+03, 2.23573340e+03,
       1.72373340e+03, 2.13760010e+03, 1.69386670e+03, 2.05653345e+03,
       1.69386670e+03, 1.97973340e+03, 1.69813342e+03, 1.97973340e+03,
       1.68960010e+03, 2.05226685e+03, 1.68960010e+03, 2.12906689e+03,
       1.68960010e+03, 2176., 1.73653345e+03, 2.11626685e+03,
       1.73226672e+03, 2.05653345e+03, 1.73226672e+03, 1.99680005e+03,
       1.73226672e+03, 1.94986682e+03, 1.73653345e+03 ]
# Face feature points in 3d object space. Invalid points have zero coordinates
Point3f: !!opencv-matrix
   rows: 1
   cols: 77
   dt: "3f"
   data: [ -5.91033897e+01, 1.57889566e+01, 6.55166016e+01,
       -6.28016243e+01, -3.11638832e+00, 6.71735153e+01, -6.15399437e+01,
       -2.05816612e+01, 6.63331833e+01, -5.84720306e+01, -4.49424553e+01,
       6.62652130e+01, -4.35410385e+01, -7.42082443e+01, 6.92203751e+01,
       -1.97038651e+01, -8.93030243e+01, 7.67674789e+01, 3.08311915e+00,
       -9.24016495e+01, 8.35413284e+01, 2.47599716e+01, -8.91280289e+01,
       7.53422775e+01, 4.84031029e+01, -7.39958267e+01, 6.28747597e+01,
       6.19572945e+01, -4.33513374e+01, 5.79222031e+01, 6.32889099e+01,
       -1.84549828e+01, 5.82439919e+01, 6.36441460e+01, 5.82264245e-01,
       6.01284027e+01, 5.95136719e+01, 1.98557281e+01, 6.00889931e+01,
       2.72246895e+01, 8.38213425e+01, 8.61675644e+01, -2.40205884e+00,
       9.10047150e+01, 1.03593773e+02, -3.50206528e+01, 8.12399597e+01,
       9.51572723e+01, -3.21143112e+01, 3.56420021e+01, 9.76816711e+01,
       -4.52996368e+01, 3.47603836e+01, 9.10150909e+01, -5.24847183e+01,
       2.50728436e+01, 8.22173843e+01, -4.39916801e+01, 2.69150696e+01,
       9.02916641e+01, -3.15016422e+01, 2.80410213e+01, 9.49683151e+01,
       -1.74781075e+01, 2.96997128e+01, 9.53061676e+01, 9.85993671e+00,
       3.05901585e+01, 9.26696548e+01, 2.40321484e+01, 3.62629280e+01,
       9.72402496e+01, 3.81152229e+01, 3.57504730e+01, 9.21826477e+01,
       4.81168938e+01, 2.73096447e+01, 8.24625092e+01, 3.72559242e+01,
       2.85440464e+01, 9.08714981e+01, 2.39692326e+01, 2.93268738e+01,
       9.37270737e+01, 2.97622204e+01, 2.49612370e+01, 8.77419434e+01,
       -3.51609535e+01, 2.31839294e+01, 8.83701706e+01, -2.10808105e+01,
       1.61246052e+01, 8.12453537e+01, -2.78302288e+01, 1.90709953e+01,
       8.49425201e+01, -3.45103912e+01, 2.05838013e+01, 8.64685059e+01,
       -3.94426689e+01, 1.91521530e+01, 8.42815475e+01, -4.23889923e+01,
       1.46700087e+01, 7.92453003e+01, -3.76309738e+01, 1.27479134e+01,
       8.10527039e+01, -3.21904373e+01, 1.21553135e+01, 8.12634430e+01,
       -2.62811432e+01, 1.32788868e+01, 8.13438797e+01, -3.38215599e+01,
       1.68783150e+01, 8.43380737e+01, 2.81065350e+01, 1.88313522e+01,
       8.22786560e+01, 1.70740108e+01, 1.73455067e+01, 8.05331039e+01,
       2.22852612e+01, 2.11075802e+01, 8.22026596e+01, 2.89877872e+01,
       2.24362221e+01, 8.52285690e+01, 3.48321991e+01, 2.08569489e+01,
       8.42438965e+01, 3.88276443e+01, 1.68318443e+01, 8.01009445e+01,
       3.33242760e+01, 1.45849962e+01, 7.99376602e+01, 2.74823189e+01,
       1.34631033e+01, 7.98435440e+01, 2.18672428e+01, 1.45885248e+01,
       7.99089279e+01, 9.08204556e+00, -1.22210634e+00, 1.07133018e+02,
       -2.16795206e+00, -1.69926441e+00, 1.11019157e+02, -1.21493778e+01,
       5.08403182e-01, 9.30391464e+01, -1.32614622e+01, -1.89451771e+01,
       9.91610870e+01, -3.03312302e+00, -1.24107370e+01, 1.15176315e+02,
       1.05172386e+01, -1.91244850e+01, 1.05237038e+02, 2.19368610e+01,
       -1.61299019e+01, 9.00793076e+01, 1.60794125e+01, -2.41212978e+01,
       9.51612320e+01, -6.78317368e-01, -2.59991360e+01, 1.01223793e+02,
       -1.61034451e+01, -2.42317314e+01, 9.14450226e+01, -2.26436405e+01,
       -1.75349998e+01, 8.76761017e+01, -2.32324829e+01, -5.25192490e+01,
       9.10484238e+01, -1.46175938e+01, -4.63125916e+01, 9.58864365e+01,
       -6.16848278e+00, -4.34237175e+01, 1.00052025e+02, 6.88789427e-01,
       -4.40599556e+01, 1.00618187e+02, 8.24055862e+00, -4.34368706e+01,
       1.00159164e+02, 1.79364948e+01, -4.57086105e+01, 9.55830231e+01,
       2.79215488e+01, -5.16552086e+01, 8.86269836e+01, 1.41287127e+01,
       -4.87081108e+01, 9.69340134e+01, 1.38042855e+00, -4.91107025e+01,
       1.00212837e+02, -1.07507524e+01, -4.92833672e+01, 9.70035019e+01,
       -1.07559786e+01, -4.81728134e+01, 9.71899414e+01, 6.90098286e-01,
       -4.85507851e+01, 1.00268280e+02, 1.28388062e+01, -4.82184410e+01,
       9.75615540e+01, 1.99323788e+01, -5.40546761e+01, 9.43222809e+01,
       1.10298433e+01, -5.40734367e+01, 9.90906677e+01, 1.38671172e+00,
       -5.41939583e+01, 1.00072273e+02, -8.25782013e+00, -5.40714417e+01,
       9.90744019e+01, -1.53101063e+01, -5.41434746e+01, 9.50454865e+01 ]
