%YAML:1.0
---
# Ear tracker type: 0 (ET_32)
TrackerType: 0
ImageSize: [ 4096, 4096 ]
# Ear feature points in image space. Invalid points have zero coordinates
Point2f: !!opencv-matrix
   rows: 1
   cols: 32
   dt: "2f"
   data: [ 8.95259521e+02, 1.28489087e+03, 8.09016357e+02,
       1.26573962e+03, 7.47902039e+02, 1.30849426e+03, 7.35819214e+02,
       1.38338892e+03, 7.60224792e+02, 1.45954346e+03, 7.98357910e+02,
       1.52800781e+03, 8.42281860e+02, 1.59024792e+03, 8.97947571e+02,
       1.63694861e+03, 9.65583862e+02, 1.65769275e+03, 1.02709863e+03,
       1.60185193e+03, 9.73549438e+02, 1.51916345e+03, 9.19152161e+02,
       1.51396509e+03, 8.53669128e+02, 1.48714172e+03, 8.63935303e+02,
       1.41601868e+03, 8.93444336e+02, 1.38300293e+03, 9.33044678e+02,
       1.41835925e+03, 3.20286816e+03, 1.27709717e+03, 3.30868066e+03,
       1.26516602e+03, 3.37960205e+03, 1.33557898e+03, 3.38024585e+03,
       1.43237769e+03, 3.33339624e+03, 1.51720850e+03, 3.27509839e+03,
       1.58198315e+03, 3.20809399e+03, 1.62572729e+03, 3.14044995e+03,
       1.64897839e+03, 3.06845898e+03, 1.65195630e+03, 3.01113794e+03,
       1.58224780e+03, 3.08221924e+03, 1.51661011e+03, 3.15377441e+03,
       1.51440198e+03, 3.24492017e+03, 1.50460803e+03, 3.23767529e+03,
       1.42137915e+03, 3.20456128e+03, 1.37378223e+03, 3.13689844e+03,
       1.41547339e+03 ]
# Ear feature points in 3d object space. Invalid points have zero coordinates
Point3f: !!opencv-matrix
   rows: 1
   cols: 32
   dt: "3f"
   data: [ -8.42597809e+01, 1.95692768e+01, -1.45836430e+01,
       -8.59922409e+01, 2.36076221e+01, -2.67558002e+01, -8.57583771e+01,
       1.91375790e+01, -3.66014404e+01, -8.73862152e+01, 9.66633606e+00,
       -4.04840012e+01, -8.81836166e+01, -7.36858130e-01,
       -3.81393547e+01, -8.69293900e+01, -1.04773302e+01,
       -3.28729515e+01, -8.06133499e+01, -1.96306324e+01,
       -2.56554508e+01, -7.56729584e+01, -2.67475281e+01,
       -1.82128754e+01, -7.07649307e+01, -3.04928818e+01,
       -1.01500301e+01, -6.66492462e+01, -2.39994183e+01,
       -2.62758994e+00, -6.80158081e+01, -1.24979696e+01,
       -6.84846115e+00, -6.71816177e+01, -1.11322403e+01,
       -1.23479824e+01, -6.83390121e+01, -6.72359610e+00,
       -1.92364540e+01, -7.42249451e+01, 2.62288308e+00, -1.84178581e+01,
       -7.62646027e+01, 6.56296921e+00, -1.47914696e+01, -7.31125488e+01,
       1.30112195e+00, -1.01849976e+01, 8.19798813e+01, 2.05674534e+01,
       -1.42820387e+01, 8.60121613e+01, 2.40778942e+01, -2.99654293e+01,
       8.42003632e+01, 1.61183109e+01, -4.13112640e+01, 8.46119308e+01,
       3.49032307e+00, -4.31795387e+01, 8.34872742e+01, -8.57148457e+00,
       -3.67123032e+01, 7.87092896e+01, -1.82718620e+01, -2.77811089e+01,
       7.50933456e+01, -2.51461964e+01, -1.91157436e+01, 7.27172852e+01,
       -2.91934986e+01, -1.13056221e+01, 6.51090393e+01, -3.05602188e+01,
       -3.39599395e+00, 6.83609848e+01, -2.21756077e+01, 3.72612572e+00,
       7.02813644e+01, -1.26723633e+01, -2.66608000e+00, 6.90729752e+01,
       -1.14561768e+01, -1.01823454e+01, 6.84782028e+01, -8.96904087e+00,
       -1.98435783e+01, 7.32103806e+01, 1.97224236e+00, -1.89177437e+01,
       7.67063141e+01, 7.81040287e+00, -1.49763336e+01, 7.37629623e+01,
       1.32532001e+00, -7.26028252e+00 ]
