%YAML:1.0
---
# Face tracker type: 0(Unknown) 1(ASM) 2(MT)
TrackerType: 1
ImageSize: [ 4096, 4096 ]
# Face feature points in image space. Invalid points have zero coordinates
Point2f: !!opencv-matrix
   rows: 1
   cols: 77
   dt: "2f"
   data: [ 1.47911108e+03, 1.16287817e+03, 1.48337781e+03,
       1.31404370e+03, 1.49831116e+03, 1.46076318e+03, 1.54097778e+03,
       1.66083521e+03, 1.67324451e+03, 1.88313757e+03, 1.88160010e+03,
       2.01651904e+03, 2.05226685e+03, 2.05653345e+03, 2.22293335e+03,
       2.04764124e+03, 2.41991113e+03, 1.95427429e+03, 2.55217773e+03,
       1.71418787e+03, 2.59484448e+03, 1.50522375e+03, 2.60977783e+03,
       1.33627393e+03, 2.61404443e+03, 1.16287817e+03, 2.34240015e+03,
       6.24906555e+02, 2.09493335e+03, 576., 1.83893347e+03,
       6.29352600e+02, 1.83040015e+03, 9.81333374e+02, 1.71946680e+03,
       9.77066711e+02, 1.63840015e+03, 1.04960010e+03, 1.72800012e+03,
       1.03253345e+03, 1.82613342e+03, 1.03253345e+03, 1.93706677e+03,
       1.03680005e+03, 2.16320020e+03, 1.03253345e+03, 2.27413354e+03,
       9.77066711e+02, 2.38933350e+03, 9.77066711e+02, 2.49600024e+03,
       1.04106677e+03, 2.38506689e+03, 1.02826672e+03, 2.27413354e+03,
       1.02826672e+03, 2.31253345e+03, 1.06666675e+03, 1.80480005e+03,
       1.06666675e+03, 1.90293347e+03, 1.14346667e+03, 1.85173340e+03,
       1.10933337e+03, 1.80053345e+03, 1.09653345e+03, 1.75786670e+03,
       1.10933337e+03, 1.71946680e+03, 1.14773340e+03, 1.76213342e+03,
       1.16906677e+03, 1.80906677e+03, 1.18186670e+03, 1.85600012e+03,
       1.16906677e+03, 1.80053345e+03, 1.13066675e+03, 2304.,
       1.13066675e+03, 2.21440015e+03, 1.14346667e+03, 2.26560010e+03,
       1.10506677e+03, 2.31253345e+03, 1.09226672e+03, 2.35946680e+03,
       1.10933337e+03, 2.40640015e+03, 1.14346667e+03, 2.35946680e+03,
       1.16906677e+03, 2.31253345e+03, 1.18186670e+03, 2.26133350e+03,
       1.16906677e+03, 2.12480005e+03, 1.28853345e+03, 2.05226685e+03,
       1.28426672e+03, 1.97973340e+03, 1.28000012e+03, 1.97973340e+03,
       1.42080005e+03, 2.03946680e+03, 1.36533337e+03, 2.11626685e+03,
       1.42506677e+03, 2.21013354e+03, 1.42080005e+03, 2.15040015e+03,
       1.46773340e+03, 2048., 1.47626672e+03, 1.96693347e+03,
       1.46773340e+03, 1.91146680e+03, 1.42080005e+03, 1.91573340e+03,
       1.65973340e+03, 1.95840015e+03, 1.60853345e+03, 2.01386682e+03,
       1.58720007e+03, 2.05226685e+03, 1.58720007e+03, 2.09920020e+03,
       1.58720007e+03, 2.16320020e+03, 1.61706677e+03, 2.23573340e+03,
       1.67253345e+03, 2.13333350e+03, 1.63413342e+03, 2.05653345e+03,
       1.62986670e+03, 1.98826672e+03, 1.62986670e+03, 1.98826672e+03,
       1.64693347e+03, 2.05653345e+03, 1.65546680e+03, 2.12906689e+03,
       1.65546680e+03, 2.18026685e+03, 1.70240015e+03, 2.12053345e+03,
       1.70666675e+03, 2.05653345e+03, 1.70666675e+03, 1.99680005e+03,
       1.69813342e+03, 1.95413342e+03, 1.68960010e+03 ]
# Face feature points in 3d object space. Invalid points have zero coordinates
Point3f: !!opencv-matrix
   rows: 1
   cols: 77
   dt: "3f"
   data: [ -5.44126663e+01, 2.94050732e+01, 6.29158325e+01,
       -5.43923035e+01, 1.04253130e+01, 6.05632172e+01, -5.46546898e+01,
       -8.32345200e+00, 6.09448776e+01, -4.94470329e+01, -3.35957451e+01,
       5.90692673e+01, -3.82258606e+01, -6.20592880e+01, 6.01062660e+01,
       -2.12471657e+01, -8.05393066e+01, 7.21459656e+01, 6.05340898e-01,
       -8.69124985e+01, 8.25110703e+01, 2.30773849e+01, -8.47523117e+01,
       7.41489182e+01, 4.36312981e+01, -7.01186371e+01, 5.18948364e+01,
       5.96145630e+01, -3.86137772e+01, 4.45506401e+01, 6.44411850e+01,
       -1.19611874e+01, 4.44159012e+01, 6.63180161e+01, 9.40441418e+00,
       4.57997818e+01, 6.58440247e+01, 3.13676205e+01, 4.69321938e+01,
       3.07602863e+01, 9.88388824e+01, 7.60308609e+01, 5.97758770e+00,
       1.09047623e+02, 9.68963165e+01, -2.76883736e+01, 1.00554039e+02,
       9.63282089e+01, -2.95227547e+01, 4.68605461e+01, 9.15295868e+01,
       -4.24565964e+01, 4.84117317e+01, 8.35117493e+01, -5.10256386e+01,
       3.97441788e+01, 7.56381607e+01, -4.21570091e+01, 4.09245224e+01,
       8.44874191e+01, -2.98189659e+01, 4.02742348e+01, 8.97835922e+01,
       -1.50941210e+01, 3.92727547e+01, 9.33243942e+01, 1.59464817e+01,
       3.96537781e+01, 9.48368225e+01, 3.12227726e+01, 4.72685623e+01,
       9.28221588e+01, 4.55349998e+01, 4.81826744e+01, 8.53773270e+01,
       5.71334610e+01, 4.09355507e+01, 7.51663971e+01, 4.54923782e+01,
       4.13451691e+01, 8.56771088e+01, 3.08046131e+01, 4.07098427e+01,
       9.08514252e+01, 3.45282440e+01, 3.62756920e+01, 8.54242935e+01,
       -3.18146305e+01, 3.61636848e+01, 8.63365250e+01, -1.71349487e+01,
       2.67917690e+01, 7.95838699e+01, -2.44795074e+01, 3.08790531e+01,
       8.32204132e+01, -3.17271252e+01, 3.24701576e+01, 8.41087418e+01,
       -3.70153465e+01, 3.10292702e+01, 8.19969864e+01, -4.05443115e+01,
       2.65020504e+01, 7.73278885e+01, -3.54026909e+01, 2.34705315e+01,
       7.89396362e+01, -2.94614296e+01, 2.16422043e+01, 7.99833603e+01,
       -2.32605114e+01, 2.33256588e+01, 8.01195145e+01, -3.11861134e+01,
       2.81689625e+01, 8.22143555e+01, 3.20573921e+01, 2.82634392e+01,
       8.14449158e+01, 1.97625179e+01, 2.67907467e+01, 7.95922165e+01,
       2.67346230e+01, 3.16495018e+01, 8.15612335e+01, 3.38216553e+01,
       3.31262817e+01, 8.33806000e+01, 4.02289848e+01, 3.10185184e+01,
       8.20845947e+01, 4.53685455e+01, 2.69978294e+01, 7.79056320e+01,
       3.90564613e+01, 2.34781818e+01, 7.88772964e+01, 3.26018982e+01,
       2.17478256e+01, 7.91231384e+01, 2.55865841e+01, 2.34845753e+01,
       7.88252487e+01, 1.25189075e+01, 4.14762211e+00, 1.07075302e+02,
       7.03383446e-01, 4.49923992e+00, 1.08827187e+02, -9.61766338e+00,
       7.00279522e+00, 9.30529938e+01, -1.05950050e+01, -1.25545778e+01,
       1.00020264e+02, -1.48868001e+00, -6.87059116e+00, 1.13730667e+02,
       1.18242588e+01, -1.45382223e+01, 1.11560097e+02, 2.30448704e+01,
       -1.13279209e+01, 9.00299454e+01, 1.55370712e+01, -1.83659916e+01,
       9.65788498e+01, 1.05157915e-06, -1.99826126e+01, 1.00513954e+02,
       -1.15910187e+01, -1.77116966e+01, 9.12500305e+01, -1.84500828e+01,
       -1.08479319e+01, 8.61207199e+01, -1.87742519e+01, -4.26564293e+01,
       8.67066116e+01, -1.33354111e+01, -3.65847702e+01, 9.26441116e+01,
       -5.32047367e+00, -3.44158134e+01, 9.80573425e+01, 6.75176799e-01,
       -3.46153259e+01, 9.96822739e+01, 8.13150120e+00, -3.46351547e+01,
       9.98437805e+01, 1.76991711e+01, -3.80304222e+01, 9.51868362e+01,
       2.66832428e+01, -4.41878242e+01, 8.53320389e+01, 1.32588511e+01,
       -4.04585114e+01, 9.64996109e+01, 1.34220600e+00, -4.01220360e+01,
       9.83748245e+01, -9.05042648e+00, -3.96301537e+01, 9.43687592e+01,
       -8.96624279e+00, -4.17517319e+01, 9.31852646e+01, 1.31864607e+00,
       -4.32525330e+01, 9.61771011e+01, 1.24456177e+01, -4.31104126e+01,
       9.50195923e+01, 1.95661678e+01, -4.87086258e+01, 8.98418274e+01,
       1.11523857e+01, -4.98410263e+01, 9.44488220e+01, 1.31550527e+00,
       -4.99229698e+01, 9.51162949e+01, -7.72115850e+00, -4.85157280e+01,
       9.28864288e+01, -1.36030998e+01, -4.68765831e+01, 8.87678070e+01 ]
