%YAML:1.0
---
# Ear tracker type: 0 (ET_32)
TrackerType: 0
ImageSize: [ 4096, 4096 ]
# Ear feature points in image space. Invalid points have zero coordinates
Point2f: !!opencv-matrix
   rows: 1
   cols: 32
   dt: "2f"
   data: [ 1.01556818e+03, 1.23902600e+03, 9.45800293e+02,
       1.18051294e+03, 8.65155640e+02, 1.18709192e+03, 8.16398132e+02,
       1.25931543e+03, 8.09145630e+02, 1.34547754e+03, 8.18255798e+02,
       1.43144226e+03, 8.46303772e+02, 1.51675854e+03, 8.94933289e+02,
       1.59269202e+03, 9.54779175e+02, 1.63961938e+03, 1.05113013e+03,
       1.62736426e+03, 1.01937726e+03, 1.51090161e+03, 9.65549988e+02,
       1.47380811e+03, 9.00067139e+02, 1.43242200e+03, 9.30953857e+02,
       1.36241223e+03, 9.77933350e+02, 1.33443738e+03, 1.01505688e+03,
       1.40237585e+03, 2.95194775e+03, 1.27465161e+03, 3.06612183e+03,
       1.23208899e+03, 3.14789844e+03, 1.26540454e+03, 3.15987939e+03,
       1.35264453e+03, 3.12928589e+03, 1.43238098e+03, 3.08383057e+03,
       1.50796338e+03, 3.03510107e+03, 1.58452710e+03, 2.97467969e+03,
       1.65479773e+03, 2.89775244e+03, 1.70624048e+03, 2.80297852e+03,
       1.68083667e+03, 2.87700854e+03, 1.55450366e+03, 2.94252197e+03,
       1.52959021e+03, 3.01774756e+03, 1.49853857e+03, 3.01004053e+03,
       1.40852026e+03, 2.97812256e+03, 1.36954919e+03, 2.91409253e+03,
       1.41968372e+03 ]
# Ear feature points in 3d object space. Invalid points have zero coordinates
Point3f: !!opencv-matrix
   rows: 1
   cols: 32
   dt: "3f"
   data: [ -8.10432205e+01, 3.24692459e+01, 2.93055177e+00,
       -8.50841446e+01, 4.12479782e+01, -5.26806879e+00, -8.81081085e+01,
       4.18066673e+01, -1.69353123e+01, -8.79535294e+01, 3.32203331e+01,
       -2.51351795e+01, -8.87609177e+01, 2.21120796e+01, -2.78743763e+01,
       -8.70376663e+01, 1.06266823e+01, -2.73283157e+01, -8.52613678e+01,
       -1.09608412e+00, -2.41475754e+01, -8.26825943e+01,
       -1.19153786e+01, -1.81748543e+01, -8.29402237e+01,
       -1.90001125e+01, -1.12394552e+01, -7.34463501e+01,
       -1.88465633e+01, 7.67296016e-01, -7.68480682e+01, -3.16789389e+00,
       -9.38018560e-01, -7.39218674e+01, 2.42940545e+00, -6.39732695e+00,
       -8.82017441e+01, 9.10349560e+00, -1.59827747e+01, -7.40195770e+01,
       1.74923534e+01, -8.56930637e+00, -7.64886246e+01, 2.05164223e+01,
       -2.93568063e+00, -7.37230606e+01, 1.10898886e+01, 3.42655003e-01,
       7.95615387e+01, 2.58736935e+01, 1.81080036e+01, 8.54565277e+01,
       3.31553192e+01, 4.84734344e+00, 8.68778305e+01, 3.01280689e+01,
       -6.53788137e+00, 8.42486572e+01, 1.88666763e+01, -9.19575214e+00,
       7.51389465e+01, 7.84712744e+00, -5.70610380e+00, 8.10666504e+01,
       -2.67053127e+00, -1.81026495e+00, 7.61877899e+01, -1.33945580e+01,
       2.70479488e+00, 7.03289566e+01, -2.33527222e+01, 7.79002285e+00,
       6.89995804e+01, -3.10977898e+01, 1.52187815e+01, 7.05726318e+01,
       -2.92363529e+01, 2.75399055e+01, 7.40206375e+01, -1.17214937e+01,
       2.15575542e+01, 7.41039352e+01, -7.49745750e+00, 1.41063910e+01,
       7.46308060e+01, -2.37524176e+00, 5.98042965e+00, 7.41936188e+01,
       9.30062866e+00, 8.26810932e+00, 7.46096420e+01, 1.39435863e+01,
       1.26124353e+01, 7.47714844e+01, 6.45037794e+00, 1.94051628e+01 ]
