%YAML:1.0
---
# Face tracker type: 0(Unknown) 1(ASM) 2(MT)
TrackerType: 1
ImageSize: [ 4096, 4096 ]
# Face feature points in image space. Invalid points have zero coordinates
Point2f: !!opencv-matrix
   rows: 1
   cols: 77
   dt: "2f"
   data: [ 1.56942236e+03, 1.27146667e+03, 1.58222229e+03,
       1.44035559e+03, 1.60782239e+03, 1.60035559e+03, 1.66115564e+03,
       1.80035559e+03, 1.76782239e+03, 1.98257788e+03, 1.89440015e+03,
       2.10257788e+03, 2.03520007e+03, 2.12480005e+03, 2.17173340e+03,
       2.08035547e+03, 2.31395581e+03, 1.94257788e+03, 2.42062256e+03,
       1.75591113e+03, 2.47395581e+03, 1.56480005e+03, 2.49955591e+03,
       1.41813342e+03, 2.51235596e+03, 1.26257776e+03, 2.21440015e+03,
       7.87022217e+02, 1.98400012e+03, 7.38133362e+02, 1.76213342e+03,
       7.87022217e+02, 1.85173340e+03, 1.07093335e+03, 1.75360010e+03,
       1.06240002e+03, 1.65973340e+03, 1.11786670e+03, 1.75786670e+03,
       1.11360010e+03, 1.84320007e+03, 1.12213342e+03, 1.94133337e+03,
       1.12213342e+03, 2.12906689e+03, 1.13066675e+03, 2.21440015e+03,
       1.07520007e+03, 2.29973340e+03, 1.06666675e+03, 2.37226685e+03,
       1.12213342e+03, 2.29973340e+03, 1.11786670e+03, 2.21866675e+03,
       1.12640002e+03, 2.25280005e+03, 1.17760010e+03, 1.80053345e+03,
       1.17760010e+03, 1.88586682e+03, 1.24586670e+03, 1.84320007e+03,
       1.21600012e+03, 1.80053345e+03, 1.20746667e+03, 1.75786670e+03,
       1.22026672e+03, 1.71946680e+03, 1.24586670e+03, 1.76213342e+03,
       1.27146667e+03, 1.80053345e+03, 1.28000012e+03, 1.84320007e+03,
       1.26720007e+03, 1.80053345e+03, 1.23733337e+03, 2.25280005e+03,
       1.23733337e+03, 2.16746680e+03, 1.24586670e+03, 2.21013354e+03,
       1.22026672e+03, 2.25706689e+03, 1.20746667e+03, 2.29120020e+03,
       1.21600012e+03, 2.32960010e+03, 1.24586670e+03, 2.29120020e+03,
       1.26720007e+03, 2.25280005e+03, 1.28000012e+03, 2.21013354e+03,
       1.27146667e+03, 2.10773340e+03, 1.37813342e+03, 2.03520007e+03,
       1.37813342e+03, 1.96693347e+03, 1.37813342e+03, 1.97120007e+03,
       1.51893347e+03, 2048., 1.46773340e+03, 2112., 1.51893347e+03,
       2.18026685e+03, 1.50186670e+03, 2.13333350e+03, 1.54880005e+03,
       2.03946680e+03, 1.56586670e+03, 1.94133337e+03, 1.54880005e+03,
       1.89013342e+03, 1.50186670e+03, 1.87306677e+03, 1.73226672e+03,
       1.93706677e+03, 1.68960010e+03, 2.00106677e+03, 1.67253345e+03,
       2.03946680e+03, 1.67253345e+03, 2.07786670e+03, 1.67253345e+03,
       2.12906689e+03, 1.68960010e+03, 2176., 1.73653345e+03,
       2.09920020e+03, 1.71946680e+03, 2.03520007e+03, 1.71946680e+03,
       1.96693347e+03, 1.71946680e+03, 1.96266675e+03, 1.74080005e+03,
       2.03520007e+03, 1.74933337e+03, 2.09920020e+03, 1.74080005e+03,
       2.13760010e+03, 1.77493347e+03, 2.09066675e+03, 1.79626672e+03,
       2.03520007e+03, 1.80053345e+03, 1.97120007e+03, 1.79626672e+03,
       1.91573340e+03, 1.77493347e+03 ]
# Face feature points in 3d object space. Invalid points have zero coordinates
Point3f: !!opencv-matrix
   rows: 1
   cols: 77
   dt: "3f"
   data: [ -6.17932396e+01, 2.39267540e+01, 6.04878883e+01,
       -6.31828194e+01, 2.26893544e+00, 6.14839096e+01, -6.16986389e+01,
       -1.82470722e+01, 6.24118500e+01, -5.64357758e+01, -4.41584473e+01,
       6.57411118e+01, -4.21509972e+01, -6.83617935e+01, 7.36219940e+01,
       -2.22496777e+01, -8.48098221e+01, 8.29592133e+01, -1.97338271e+00,
       -8.85536499e+01, 9.03722610e+01, 1.86780300e+01, -8.25722351e+01,
       8.78135910e+01, 3.38124809e+01, -6.43647690e+01, 8.26092682e+01,
       4.55180702e+01, -4.03456116e+01, 8.08440247e+01, 5.05546379e+01,
       -1.57249031e+01, 7.87952042e+01, 5.27154274e+01, 3.11637187e+00,
       7.76600952e+01, 5.17880936e+01, 2.31971588e+01, 7.56611786e+01,
       2.42648754e+01, 8.09801636e+01, 1.03629379e+02, -9.07284260e+00,
       8.95813904e+01, 1.03809151e+02, -3.94288406e+01, 8.20035248e+01,
       9.47761993e+01, -2.86399860e+01, 4.30962486e+01, 9.82200623e+01,
       -4.14414215e+01, 4.50410538e+01, 9.16120682e+01, -5.19935036e+01,
       3.88455353e+01, 8.20677490e+01, -4.12214394e+01, 3.82216377e+01,
       9.17645874e+01, -2.93998775e+01, 3.66101112e+01, 9.56582031e+01,
       -1.53952513e+01, 3.62732506e+01, 9.84017334e+01, 1.18304062e+01,
       3.49865303e+01, 9.96500244e+01, 2.46280289e+01, 4.22766762e+01,
       1.00279327e+02, 3.67325783e+01, 4.38845863e+01, 9.64151611e+01,
       4.62509995e+01, 3.72559929e+01, 9.03979340e+01, 3.65819283e+01,
       3.72300529e+01, 9.52247772e+01, 2.46732197e+01, 3.58570366e+01,
       9.71759109e+01, 2.81823502e+01, 2.98087845e+01, 9.10477829e+01,
       -3.47582893e+01, 2.97617455e+01, 9.14308929e+01, -2.12011833e+01,
       2.12727356e+01, 8.67187347e+01, -2.78671532e+01, 2.49022446e+01,
       8.94679642e+01, -3.42320976e+01, 2.60143299e+01, 8.96419449e+01,
       -3.94778671e+01, 2.47094460e+01, 8.64225845e+01, -4.32244110e+01,
       2.18940430e+01, 8.16585846e+01, -3.80606537e+01, 1.82057819e+01,
       8.40034790e+01, -3.30426064e+01, 1.68864555e+01, 8.55173187e+01,
       -2.71904049e+01, 1.84563847e+01, 8.65780716e+01, -3.35095100e+01,
       2.23269062e+01, 8.73644104e+01, 2.67546921e+01, 2.25279636e+01,
       8.57269287e+01, 1.56813669e+01, 2.11351166e+01, 8.78395386e+01,
       2.11297970e+01, 2.46568336e+01, 8.68510666e+01, 2.80779819e+01,
       2.61696835e+01, 8.83766937e+01, 3.29299088e+01, 2.51010113e+01,
       8.78491364e+01, 3.76458855e+01, 2.14944916e+01, 8.49126740e+01,
       3.20588264e+01, 1.86725559e+01, 8.48174973e+01, 2.68473969e+01,
       1.69101162e+01, 8.53246231e+01, 2.10879517e+01, 1.79772243e+01,
       8.58649216e+01, 1.01273994e+01, 7.06931233e-01, 1.11130203e+02,
       -2.27515197e+00, 1.93476565e-02, 1.16730125e+02, -1.22087107e+01,
       2.23587680e+00, 9.86779404e+01, -1.28151026e+01, -1.74806042e+01,
       1.06941032e+02, 5.05819031e-08, -1.28497410e+01, 1.24612862e+02,
       1.12141409e+01, -1.81612225e+01, 1.12484222e+02, 2.01263523e+01,
       -1.39746876e+01, 9.68500137e+01, 1.39375858e+01, -2.10953197e+01,
       1.04071335e+02, -1.47074711e+00, -2.41187382e+01, 1.10232689e+02,
       -1.64817638e+01, -2.03594837e+01, 9.80784302e+01, -2.30188313e+01,
       -1.34089603e+01, 9.22425385e+01, -2.72108479e+01, -4.42604752e+01,
       9.42656326e+01, -1.79696751e+01, -3.93623543e+01, 1.00529625e+02,
       -7.88813496e+00, -3.77139244e+01, 1.05566628e+02, -1.44823289e+00,
       -3.78668213e+01, 1.06811882e+02, 5.05802679e+00, -3.78294792e+01,
       1.06507751e+02, 1.33882780e+01, -3.96705742e+01, 1.03039879e+02,
       2.01489277e+01, -4.51037712e+01, 9.65181580e+01, 8.48927402e+00,
       -4.36713409e+01, 1.03314331e+02, -2.13869810e+00, -4.37983971e+01,
       1.04349121e+02, -1.32456388e+01, -4.34396591e+01, 1.01427422e+02,
       -1.37639866e+01, -4.60584450e+01, 9.96777420e+01, -2.11435246e+00,
       -4.75554581e+01, 1.02638733e+02, 8.40924549e+00, -4.63389549e+01,
       1.01962318e+02, 1.43767061e+01, -5.04508743e+01, 9.85264206e+01,
       6.99551868e+00, -5.35824928e+01, 1.00953407e+02, -2.09452248e+00,
       -5.41320801e+01, 1.00813835e+02, -1.24319305e+01, -5.33760300e+01,
       9.92718964e+01, -2.06462345e+01, -5.00143204e+01, 9.49709625e+01 ]
